32
0 5
5 4
9 9
18 6
24 3
27 5
32 8
40 4
44 3
47 3
50 8
58 3
61 5
66 6
72 7
79 8
87 7
94 4
98 6
104 8
112 4
116 6
122 7
129 6
135 9
144 5
149 8
157 4
161 4
165 4
169 5
174 8

9

182
26 1
26 1
21 6
24 9
19 7
24 1
25 8
28 9
6 1
29 5
26 9
8 2
10 9
3 1
16 8
17 10
18 6
30 10
6 2
14 9
2 1
6 3
23 6
24 8
14 8
13 2
11 3
19 2
16 4
10 5
10 2
21 2
3 2
3 3
1 1
8 9
8 7
14 4
21 7
28 9
22 3
25 7
13 1
20 3
2 2
6 9
6 7
30 4
23 7
10 9
2 9
9 9
5 5
18 7
5 2
19 1
15 3
16 5
4 3
23 1
24 5
18 2
18 5
20 2
26 3
29 4
4 2
31 8
31 2
25 3
7 1
24 6
3 9
4 8
31 7
6 4
23 8
24 9
31 4
23 9
15 2
15 2
10 3
16 10
21 4
27 5
31 4
5 4
2 8
15 10
10 5
19 5
24 8
27 1
22 8
2 10
22 3
31 4
10 7
12 2
12 5
2 6
31 3
27 1
5 2
10 1
16 5
0 7
22 5
22 5
26 4
30 7
12 2
7 3
26 6
25 1
0 6
15 4
6 7
5 2
26 7
31 5
7 3
17 8
19 5
30 1
17 3
19 5
28 9
9 7
11 1
15 9
14 8
3 6
27 8
0 9
1 1
11 5
16 8
13 6
3 8
14 9
25 6
26 3
1 8
7 7
13 3
20 1
24 6
0 1
0 1
2 9
20 6
12 3
24 3
19 4
21 7
23 8
18 1
16 1
15 5
1 9
22 9
6 9
30 8
2 5
29 3
29 3
12 4
9 4
22 1
28 8
19 7
2 10
13 8
13 2
14 7
18 3
17 4
21 5
14 4
15 4
