1024
0 3
3 4
7 4
11 8
19 5
24 6
30 9
39 5
44 5
49 9
58 3
61 5
66 10
76 5
81 5
86 7
93 5
98 5
103 7
110 8
118 3
121 4
125 11
136 9
145 3
148 3
151 6
157 6
163 6
169 4
173 4
177 8
185 7
192 8
200 8
208 5
213 2
215 3
218 8
226 6
232 11
243 6
249 6
255 3
258 6
264 6
270 5
275 4
279 7
286 8
294 12
306 3
309 3
312 4
316 9
325 7
332 5
337 6
343 5
348 8
356 5
361 2
363 7
370 6
376 7
383 4
387 9
396 11
407 3
410 4
414 6
420 9
429 3
432 7
439 5
444 4
448 7
455 6
461 8
469 7
476 4
480 7
487 8
495 6
501 7
508 6
514 7
521 6
527 10
537 5
542 4
546 5
551 4
555 6
561 8
569 4
573 2
575 5
580 6
586 6
592 6
598 3
601 8
609 7
616 3
619 8
627 6
633 8
641 9
650 8
658 5
663 3
666 6
672 6
678 9
687 6
693 5
698 4
702 4
706 8
714 6
720 4
724 6
730 6
736 7
743 3
746 6
752 8
760 6
766 5
771 6
777 5
782 8
790 5
795 5
800 3
803 5
808 10
818 6
824 4
828 9
837 3
840 4
844 7
851 10
861 6
867 6
873 7
880 6
886 6
892 5
897 8
905 9
914 3
917 8
925 3
928 6
934 5
939 5
944 8
952 2
954 8
962 8
970 9
979 9
988 4
992 7
999 7
1006 7
1013 5
1018 7
1025 5
1030 3
1033 11
1044 11
1055 10
1065 10
1075 4
1079 7
1086 7
1093 8
1101 9
1110 10
1120 6
1126 8
1134 4
1138 6
1144 4
1148 4
1152 5
1157 6
1163 11
1174 6
1180 5
1185 6
1191 3
1194 6
1200 4
1204 6
1210 7
1217 8
1225 7
1232 6
1238 6
1244 4
1248 4
1252 4
1256 5
1261 7
1268 4
1272 3
1275 5
1280 9
1289 6
1295 6
1301 5
1306 3
1309 6
1315 4
1319 6
1325 6
1331 7
1338 4
1342 5
1347 10
1357 6
1363 10
1373 7
1380 4
1384 6
1390 7
1397 9
1406 8
1414 5
1419 6
1425 4
1429 5
1434 8
1442 5
1447 3
1450 5
1455 5
1460 5
1465 3
1468 4
1472 7
1479 7
1486 5
1491 5
1496 7
1503 6
1509 4
1513 7
1520 7
1527 8
1535 6
1541 9
1550 8
1558 5
1563 8
1571 6
1577 8
1585 5
1590 4
1594 3
1597 8
1605 5
1610 5
1615 6
1621 6
1627 7
1634 3
1637 10
1647 5
1652 9
1661 5
1666 3
1669 8
1677 4
1681 8
1689 5
1694 8
1702 4
1706 4
1710 4
1714 6
1720 2
1722 5
1727 6
1733 7
1740 7
1747 5
1752 5
1757 6
1763 6
1769 7
1776 5
1781 3
1784 8
1792 7
1799 8
1807 7
1814 3
1817 9
1826 6
1832 8
1840 8
1848 6
1854 3
1857 7
1864 8
1872 5
1877 7
1884 9
1893 4
1897 5
1902 9
1911 9
1920 2
1922 3
1925 2
1927 4
1931 7
1938 5
1943 4
1947 4
1951 7
1958 6
1964 5
1969 4
1973 5
1978 4
1982 5
1987 4
1991 6
1997 6
2003 3
2006 7
2013 7
2020 8
2028 6
2034 8
2042 3
2045 7
2052 6
2058 5
2063 4
2067 5
2072 6
2078 8
2086 4
2090 8
2098 5
2103 8
2111 7
2118 5
2123 5
2128 9
2137 7
2144 7
2151 8
2159 7
2166 5
2171 4
2175 6
2181 4
2185 5
2190 4
2194 5
2199 4
2203 9
2212 5
2217 5
2222 4
2226 5
2231 5
2236 4
2240 5
2245 9
2254 3
2257 3
2260 8
2268 7
2275 5
2280 8
2288 8
2296 4
2300 5
2305 8
2313 6
2319 5
2324 7
2331 4
2335 7
2342 5
2347 4
2351 4
2355 6
2361 8
2369 7
2376 8
2384 6
2390 5
2395 4
2399 8
2407 3
2410 5
2415 5
2420 6
2426 3
2429 7
2436 7
2443 6
2449 7
2456 7
2463 5
2468 9
2477 9
2486 6
2492 3
2495 8
2503 6
2509 4
2513 6
2519 7
2526 6
2532 9
2541 7
2548 9
2557 7
2564 7
2571 10
2581 9
2590 5
2595 5
2600 8
2608 7
2615 5
2620 7
2627 5
2632 7
2639 6
2645 4
2649 2
2651 6
2657 5
2662 3
2665 5
2670 5
2675 8
2683 6
2689 8
2697 6
2703 6
2709 10
2719 7
2726 4
2730 3
2733 5
2738 3
2741 14
2755 4
2759 5
2764 7
2771 10
2781 5
2786 6
2792 4
2796 4
2800 8
2808 8
2816 7
2823 5
2828 5
2833 5
2838 6
2844 5
2849 6
2855 9
2864 4
2868 7
2875 8
2883 6
2889 6
2895 5
2900 6
2906 5
2911 3
2914 6
2920 6
2926 7
2933 6
2939 7
2946 4
2950 5
2955 5
2960 4
2964 6
2970 6
2976 4
2980 5
2985 8
2993 3
2996 7
3003 9
3012 4
3016 3
3019 11
3030 5
3035 6
3041 6
3047 3
3050 7
3057 9
3066 6
3072 6
3078 4
3082 6
3088 7
3095 3
3098 10
3108 3
3111 6
3117 5
3122 5
3127 4
3131 7
3138 5
3143 6
3149 4
3153 8
3161 4
3165 4
3169 6
3175 8
3183 7
3190 8
3198 5
3203 4
3207 4
3211 4
3215 8
3223 9
3232 8
3240 8
3248 8
3256 7
3263 5
3268 6
3274 5
3279 7
3286 8
3294 4
3298 5
3303 6
3309 4
3313 8
3321 5
3326 9
3335 10
3345 6
3351 4
3355 7
3362 4
3366 4
3370 7
3377 6
3383 6
3389 5
3394 7
3401 4
3405 4
3409 6
3415 4
3419 7
3426 5
3431 8
3439 5
3444 6
3450 7
3457 8
3465 5
3470 6
3476 4
3480 6
3486 8
3494 6
3500 3
3503 7
3510 3
3513 5
3518 4
3522 6
3528 6
3534 5
3539 4
3543 5
3548 6
3554 8
3562 3
3565 11
3576 6
3582 6
3588 4
3592 5
3597 4
3601 10
3611 6
3617 5
3622 4
3626 6
3632 7
3639 5
3644 7
3651 5
3656 6
3662 6
3668 8
3676 8
3684 2
3686 5
3691 3
3694 8
3702 5
3707 7
3714 7
3721 3
3724 4
3728 7
3735 7
3742 3
3745 3
3748 5
3753 6
3759 5
3764 8
3772 8
3780 4
3784 6
3790 8
3798 2
3800 8
3808 5
3813 8
3821 5
3826 7
3833 7
3840 5
3845 5
3850 11
3861 10
3871 7
3878 5
3883 6
3889 4
3893 4
3897 5
3902 7
3909 5
3914 10
3924 6
3930 5
3935 5
3940 6
3946 6
3952 2
3954 3
3957 8
3965 3
3968 8
3976 6
3982 8
3990 7
3997 9
4006 6
4012 2
4014 6
4020 9
4029 8
4037 8
4045 5
4050 6
4056 6
4062 7
4069 5
4074 6
4080 4
4084 5
4089 5
4094 4
4098 8
4106 7
4113 11
4124 7
4131 6
4137 8
4145 4
4149 8
4157 7
4164 7
4171 5
4176 8
4184 6
4190 6
4196 4
4200 6
4206 3
4209 6
4215 5
4220 4
4224 7
4231 7
4238 6
4244 4
4248 5
4253 5
4258 5
4263 7
4270 6
4276 8
4284 4
4288 5
4293 7
4300 7
4307 7
4314 6
4320 6
4326 7
4333 9
4342 9
4351 6
4357 8
4365 4
4369 8
4377 9
4386 4
4390 4
4394 6
4400 9
4409 9
4418 8
4426 7
4433 8
4441 7
4448 5
4453 6
4459 4
4463 5
4468 4
4472 8
4480 5
4485 5
4490 4
4494 6
4500 8
4508 10
4518 5
4523 9
4532 8
4540 5
4545 6
4551 4
4555 8
4563 7
4570 7
4577 5
4582 7
4589 8
4597 10
4607 8
4615 3
4618 7
4625 6
4631 7
4638 6
4644 8
4652 7
4659 7
4666 8
4674 6
4680 7
4687 6
4693 6
4699 3
4702 5
4707 6
4713 7
4720 6
4726 5
4731 9
4740 9
4749 7
4756 3
4759 7
4766 3
4769 9
4778 7
4785 5
4790 3
4793 9
4802 7
4809 4
4813 3
4816 5
4821 5
4826 5
4831 2
4833 6
4839 9
4848 3
4851 8
4859 9
4868 6
4874 3
4877 9
4886 3
4889 6
4895 2
4897 5
4902 9
4911 5
4916 3
4919 6
4925 8
4933 8
4941 7
4948 6
4954 6
4960 4
4964 6
4970 6
4976 6
4982 11
4993 5
4998 2
5000 5
5005 7
5012 6
5018 6
5024 7
5031 4
5035 7
5042 4
5046 7
5053 5
5058 3
5061 7
5068 6
5074 4
5078 4
5082 3
5085 6
5091 7
5098 5
5103 7
5110 10
5120 10
5130 5
5135 7
5142 4
5146 8
5154 3
5157 6
5163 7
5170 11
5181 4
5185 10
5195 6
5201 6
5207 6
5213 2
5215 7
5222 7
5229 5
5234 6
5240 6
5246 5
5251 10
5261 5
5266 8
5274 5
5279 9
5288 7
5295 6
5301 7
5308 6
5314 6
5320 9
5329 5
5334 9
5343 5
5348 6
5354 3
5357 7
5364 4
5368 3
5371 5
5376 9
5385 8
5393 7
5400 6
5406 10
5416 4
5420 7
5427 9
5436 9
5445 5
5450 5
5455 9
5464 10
5474 6
5480 6
5486 6
5492 5
5497 5
5502 5
5507 6
5513 8
5521 8
5529 8
5537 6
5543 9
5552 4
5556 10
5566 7
5573 5
5578 7
5585 4
5589 8
5597 5
5602 5
5607 6
5613 5
5618 4
5622 6
5628 6
5634 5
5639 8
5647 9
5656 13
5669 8
5677 8
5685 5
5690 6
5696 2
5698 5
5703 4
5707 5
5712 7
5719 4
5723 4
5727 4
5731 5
5736 10
5746 8
5754 4
5758 5
5763 10
5773 6
5779 5
5784 6
5790 6
5796 6
5802 8
5810 6
5816 6
5822 7
5829 5
5834 5
5839 7
5846 8
5854 3
5857 10
5867 8
5875 7
5882 8
5890 3
5893 5
5898 6
5904 5
5909 5
5914 9
5923 6
5929 7
5936 6
5942 8
5950 5
5955 5
5960 3
5963 9
5972 4
5976 2
5978 6
5984 7
5991 8
5999 6
6005 7
6012 5
6017 4
6021 8
6029 5
6034 5
6039 4
6043 4
6047 7
6054 8
6062 4
6066 5
6071 6
6077 3
6080 8
6088 5
6093 5
6098 6
6104 6
6110 6
6116 8
6124 7
6131 3
6134 8
6142 5
6147 4
6151 5
6156 6

1

6162
588 9
959 4
524 5
436 9
957 3
728 1
307 8
248 4
490 9
346 5
653 6
358 1
877 8
84 5
182 6
190 5
273 4
347 4
770 6
281 5
624 6
953 2
32 4
248 10
512 2
695 1
698 10
5 9
5 9
552 6
617 1
601 8
962 2
492 7
188 2
752 2
797 6
887 8
999 5
171 4
664 7
203 3
352 6
732 10
636 2
410 2
306 7
774 4
799 8
891 2
276 6
798 4
576 10
46 2
230 4
266 6
310 8
510 6
140 5
514 3
962 4
814 2
270 10
455 2
469 6
875 2
134 10
79 2
530 9
535 5
108 10
200 10
386 8
474 8
634 8
715 10
298 9
503 6
313 9
816 4
977 2
106 3
837 8
225 2
394 4
982 9
739 6
616 4
90 7
294 6
444 1
664 6
871 1
548 9
87 2
717 7
144 7
676 7
507 3
789 10
796 3
179 3
221 5
253 6
630 4
196 10
544 2
161 5
220 1
255 2
776 1
791 5
174 8
28 1
35 2
230 3
452 8
737 10
559 4
863 9
866 9
433 10
767 1
519 8
330 1
221 6
115 2
751 4
47 10
122 5
148 5
185 9
227 8
684 3
803 8
871 5
501 7
533 9
390 2
700 7
196 4
269 7
322 4
654 6
1018 6
433 1
94 8
279 5
907 2
852 2
697 3
1023 5
367 5
115 3
145 8
480 10
688 3
161 3
906 5
105 5
211 6
681 8
770 3
19 1
683 1
976 8
174 4
421 3
691 7
358 10
1001 8
352 8
972 4
224 7
207 4
832 9
860 9
671 8
458 5
215 8
446 1
456 1
650 6
719 1
994 4
4 4
358 6
258 9
667 2
489 8
79 7
753 4
562 9
846 1
823 10
908 2
38 4
101 9
283 1
823 6
458 9
657 6
749 10
50 3
449 6
564 7
993 5
1003 1
707 1
54 4
19 2
351 9
890 7
465 6
237 10
973 5
293 9
684 9
181 1
833 2
33 4
866 10
135 10
701 8
723 1
758 10
360 1
705 3
672 9
228 1
526 2
559 6
669 4
795 6
530 7
277 4
95 8
144 9
381 3
488 5
666 10
899 6
948 2
909 8
799 5
819 1
345 6
383 7
598 1
309 10
338 4
928 5
123 8
124 4
911 2
684 5
650 7
436 10
110 6
257 1
421 7
393 4
831 1
837 6
252 7
108 10
415 8
217 4
338 8
443 9
648 9
241 8
9 2
389 7
769 6
954 6
22 10
755 10
773 8
520 3
484 6
837 3
656 9
272 8
702 8
995 10
361 9
598 1
151 1
52 6
287 5
514 3
690 3
733 7
34 3
939 4
970 7
763 7
151 6
265 6
385 10
404 10
431 5
528 4
607 8
789 7
649 5
119 9
702 8
49 6
923 8
86 10
428 9
540 7
244 5
312 4
35 4
57 7
578 6
897 7
209 1
223 9
344 8
554 4
677 9
481 4
887 6
156 5
288 6
335 4
460 7
949 5
450 6
1017 4
64 6
149 6
152 3
54 7
607 6
357 9
435 3
670 7
513 2
508 6
108 1
650 3
431 2
503 6
994 7
1016 3
428 9
212 6
667 7
807 10
901 8
961 1
572 8
635 6
599 1
623 5
687 9
952 7
955 9
692 5
494 3
242 4
277 8
497 8
683 4
919 2
534 3
784 9
80 4
450 6
455 5
775 4
56 6
774 5
525 5
461 9
543 5
571 5
750 4
818 8
562 9
542 1
948 3
261 3
856 9
67 6
267 10
232 9
393 4
563 7
811 3
942 9
66 6
533 10
464 4
94 5
520 2
625 5
625 3
633 8
732 10
777 10
800 6
787 4
375 2
401 9
345 8
387 7
82 2
845 5
536 9
124 3
346 4
585 5
723 9
1010 1
638 8
728 7
107 4
261 4
87 3
92 2
404 9
422 4
639 9
457 6
239 3
372 1
757 10
73 3
73 3
170 10
197 9
759 8
998 5
323 7
127 3
587 6
694 4
942 2
601 7
508 8
780 1
967 10
541 4
293 1
922 1
380 4
549 7
721 9
940 7
974 7
649 5
391 5
480 1
565 1
656 2
312 9
1008 1
899 6
751 5
515 1
667 4
781 7
966 2
12 2
368 9
32 7
223 3
175 3
392 6
539 6
217 1
63 4
707 7
802 8
919 6
170 1
612 4
190 10
472 9
836 9
932 10
69 2
917 3
170 2
734 8
719 5
466 3
467 6
778 7
132 9
921 5
867 8
114 7
356 4
566 3
651 3
3 5
212 2
600 8
643 1
708 4
954 5
500 9
253 3
107 7
648 5
94 1
452 10
52 10
301 2
137 5
984 6
391 4
589 10
651 6
16 2
71 3
347 4
226 6
297 1
975 10
594 4
402 2
351 3
778 9
95 1
137 6
277 9
465 2
555 7
872 10
533 1
871 1
131 1
300 8
317 10
247 9
15 7
99 4
728 8
907 9
816 3
535 8
388 9
580 5
249 5
71 2
235 9
811 9
456 5
816 6
939 9
768 1
329 3
573 1
24 8
67 5
884 10
158 6
85 1
887 5
199 2
597 2
370 5
88 1
832 7
40 8
974 2
236 6
860 2
235 8
394 7
404 10
808 10
963 6
939 4
766 10
501 7
926 3
950 5
458 3
946 10
90 4
211 7
635 8
761 8
777 2
658 8
837 2
250 1
367 4
849 1
33 9
465 6
265 2
569 6
738 8
992 8
678 2
516 1
545 3
859 2
963 7
778 8
790 8
144 1
394 9
649 3
859 5
1004 8
105 1
137 6
927 7
104 1
27 5
697 5
463 10
190 9
600 4
850 3
992 5
14 3
627 10
184 3
645 8
752 7
809 2
71 4
85 7
889 8
866 7
277 2
893 3
282 9
826 6
45 10
58 1
12 10
632 6
371 6
394 8
524 5
761 10
852 4
377 10
786 4
229 4
374 1
474 7
677 1
708 6
1009 10
44 6
795 5
853 3
753 9
918 4
478 6
656 5
378 1
725 5
607 1
323 8
313 3
274 4
385 9
335 2
898 9
516 3
172 10
720 2
866 7
645 9
83 7
413 6
305 7
187 8
268 5
343 9
524 3
561 7
22 2
26 3
966 1
365 6
795 4
986 5
733 5
719 10
488 6
376 7
572 1
449 1
129 1
672 2
766 9
652 5
485 4
512 5
584 6
51 9
268 8
938 7
241 1
443 5
459 8
606 1
660 8
924 4
122 9
226 6
498 9
621 1
873 8
729 6
956 2
480 8
635 7
120 9
989 7
22 5
917 3
404 4
468 2
267 3
42 8
616 6
128 1
176 1
816 10
70 3
281 10
191 10
42 4
137 6
714 9
730 4
951 6
269 6
350 6
697 10
993 1
256 4
342 10
430 8
701 5
74 3
794 10
174 2
291 10
554 7
606 2
684 2
757 10
633 4
123 1
762 9
312 1
441 9
679 10
117 1
696 7
999 7
581 8
832 4
456 3
261 2
302 3
447 9
471 5
494 1
404 8
89 1
562 2
374 2
140 4
83 9
464 1
197 8
237 8
864 8
504 8
520 1
541 8
299 5
872 9
203 5
911 6
923 10
12 10
985 7
237 5
316 5
454 5
38 10
550 5
716 5
812 1
244 7
690 1
1008 5
1021 6
86 5
104 6
124 6
603 9
88 6
939 2
503 2
389 10
598 8
611 6
722 7
374 1
854 1
691 10
277 6
745 3
345 3
790 3
419 7
555 5
10 5
889 10
290 2
131 4
1014 5
144 10
180 3
728 7
976 3
263 8
214 2
325 3
869 6
424 8
848 9
355 8
814 2
641 10
968 8
272 10
626 5
679 3
948 9
103 1
926 6
16 7
140 10
40 9
257 10
289 10
618 9
883 8
933 7
26 8
734 9
865 8
1020 8
423 1
553 2
833 10
282 10
285 3
520 7
634 7
887 4
341 1
400 6
192 6
317 9
511 6
548 10
734 7
22 5
780 9
258 3
414 2
661 1
772 1
601 1
56 6
581 4
553 1
158 4
397 7
674 8
550 10
1023 10
382 7
1000 5
49 1
618 8
50 6
968 7
856 6
272 5
339 2
641 9
288 6
592 7
649 9
56 3
324 6
564 7
575 5
714 6
775 2
234 9
653 4
344 6
984 10
964 7
742 7
284 5
422 8
590 10
839 9
1001 1
915 9
516 3
464 10
55 5
500 3
688 10
810 1
468 9
715 10
558 3
417 8
428 9
477 2
698 5
94 6
149 4
772 4
643 3
934 8
934 1
348 9
929 9
613 9
397 4
433 3
486 1
504 3
851 5
740 7
27 3
455 9
757 5
451 9
18 5
233 4
512 6
917 5
528 10
191 1
361 7
782 7
877 9
890 6
898 9
1021 10
331 6
923 1
784 6
170 10
275 7
288 5
352 6
843 3
925 8
759 7
608 10
580 4
824 7
483 2
544 5
642 6
945 5
987 10
588 8
829 4
520 2
671 1
321 1
830 10
365 9
694 10
739 9
868 10
1015 8
175 4
909 10
769 9
303 6
597 3
618 9
984 10
903 10
868 5
370 10
191 9
279 6
643 6
907 3
690 6
917 4
360 8
412 5
787 4
81 1
82 2
73 10
163 10
241 1
305 9
876 1
7 4
917 2
957 5
316 10
681 7
113 10
830 2
956 9
503 1
736 7
600 9
307 7
357 7
517 9
557 8
569 2
586 2
726 2
977 10
19 8
127 2
238 4
846 7
28 4
423 3
434 3
683 5
822 6
843 9
997 10
79 3
167 4
431 7
360 3
260 7
460 2
521 8
581 4
857 9
957 7
341 4
123 1
245 6
768 9
253 4
292 1
678 8
750 5
830 6
980 2
183 9
588 8
342 6
432 4
661 1
836 10
358 2
388 5
432 10
945 4
963 5
378 4
700 1
17 3
435 6
715 4
722 6
780 9
957 1
248 9
140 3
418 8
247 9
538 7
717 4
970 6
38 1
810 9
777 4
975 8
278 6
855 6
896 5
909 10
915 3
1005 2
3 6
746 5
545 8
273 1
300 8
506 1
610 5
696 4
924 4
177 9
441 1
569 1
264 1
874 10
1017 1
106 3
565 6
439 1
545 2
246 4
421 10
623 10
629 3
22 9
310 6
338 5
463 8
947 8
727 6
211 7
315 9
633 5
716 2
114 8
636 10
977 10
868 10
6 2
310 7
570 2
294 2
308 9
913 3
912 5
434 5
913 7
81 10
3 5
775 2
105 9
780 6
996 2
124 10
162 1
168 9
270 7
225 2
451 10
590 9
610 6
611 1
923 1
1016 5
147 6
579 2
370 10
470 7
253 9
377 1
891 8
953 7
522 7
298 10
693 1
789 1
484 6
587 4
322 8
609 2
988 1
483 6
331 2
395 7
18 10
23 4
281 4
785 5
605 7
855 9
132 8
662 2
73 9
958 6
274 6
826 8
340 8
339 7
268 8
529 10
832 5
504 8
94 2
351 4
731 6
748 7
845 9
667 4
12 10
425 1
647 3
274 8
482 7
604 3
887 5
643 9
201 5
201 5
650 3
717 8
770 2
891 8
401 5
525 10
339 8
309 10
485 6
522 6
133 5
363 2
7 3
347 5
465 2
755 1
254 7
592 8
425 5
964 2
234 8
914 6
727 8
993 1
717 6
961 5
669 3
556 5
30 4
544 1
897 7
533 4
632 4
249 4
847 10
695 2
292 10
523 9
779 9
845 3
990 2
426 4
54 1
451 7
259 2
556 7
749 5
27 6
99 7
692 9
186 7
883 9
668 1
84 2
59 6
333 8
224 3
382 8
538 8
789 7
997 2
980 5
403 6
221 10
301 4
384 3
435 7
141 2
768 10
551 3
244 6
581 8
878 7
904 1
31 8
297 4
725 10
810 6
558 3
725 1
663 6
80 1
45 4
453 9
389 3
906 5
1023 2
542 6
350 7
426 3
366 4
302 5
328 1
873 10
571 4
867 1
1021 1
18 1
719 1
653 1
480 5
338 6
917 5
22 6
213 10
937 8
17 5
629 9
570 5
697 8
300 9
518 4
576 8
1019 3
79 3
54 9
310 4
966 6
722 3
30 7
742 6
212 3
301 6
295 10
415 4
543 7
689 6
729 5
979 4
740 3
14 2
378 7
191 2
427 2
795 6
664 9
120 6
87 6
471 10
381 10
396 10
461 9
762 10
916 4
979 1
326 8
482 10
804 2
22 8
319 1
563 3
750 5
272 9
1020 5
39 1
633 8
926 9
838 3
109 4
799 9
814 1
946 10
731 9
824 2
9 4
19 3
699 9
917 1
952 2
917 5
404 8
274 9
399 6
500 9
637 8
653 3
802 3
854 1
317 3
66 9
584 5
353 10
470 10
476 1
600 4
601 1
161 4
659 10
242 6
310 9
762 2
153 9
205 8
600 5
639 10
495 3
652 7
97 8
514 9
92 9
449 8
96 6
1022 9
973 6
596 10
766 6
36 10
132 8
134 5
411 10
437 1
574 8
586 4
654 9
174 4
379 9
381 10
946 2
807 10
72 3
411 3
265 6
921 9
734 3
249 4
487 9
854 10
46 8
170 1
119 1
357 4
607 1
62 4
328 7
233 6
437 1
754 8
546 3
351 5
835 9
136 7
214 6
53 5
808 9
176 6
787 10
672 8
572 9
294 8
710 10
941 6
184 4
908 9
449 1
358 10
673 7
938 6
1003 1
90 9
180 9
415 2
260 9
874 2
2 4
180 9
846 3
4 10
883 8
92 5
208 4
1003 4
240 4
984 5
329 4
330 9
353 5
361 1
100 1
895 3
403 1
584 7
578 8
566 5
727 7
940 2
45 7
646 7
663 8
454 8
874 5
652 7
987 3
18 6
85 3
617 8
176 4
192 9
662 7
523 10
204 7
272 8
578 8
349 10
473 8
398 9
501 4
638 6
501 8
18 2
258 4
354 8
407 7
533 5
126 4
591 4
843 5
298 8
312 10
492 4
651 3
813 10
981 5
44 1
144 10
593 3
1004 2
278 4
790 6
829 5
938 4
32 9
148 3
255 4
535 3
537 6
210 2
337 1
490 10
282 2
311 1
551 7
614 1
898 5
175 7
247 9
935 9
364 3
673 7
856 6
66 3
71 4
130 2
647 5
326 9
759 1
263 8
869 9
765 8
701 9
953 3
646 1
718 8
141 8
261 8
727 2
916 10
183 1
919 10
312 6
239 6
101 2
518 5
50 6
277 7
485 7
717 1
919 2
9 6
851 8
271 6
527 4
663 4
66 10
123 3
353 8
810 10
894 8
119 8
198 8
739 2
114 5
568 3
975 7
125 6
773 10
730 3
23 7
574 4
310 1
11 10
191 7
346 9
967 4
431 3
399 5
725 10
266 6
338 1
499 5
143 10
228 9
254 8
328 6
151 5
48 8
276 3
317 9
393 4
903 6
820 8
3 4
182 1
556 8
959 4
198 6
523 10
200 8
112 4
231 9
509 7
731 8
797 5
904 10
163 7
435 8
734 1
830 1
1016 9
9 6
272 3
428 5
40 4
107 2
138 6
62 8
265 7
88 9
863 8
959 6
257 4
181 6
997 2
547 8
24 5
803 7
168 6
693 2
701 4
768 5
829 4
879 1
886 3
384 8
743 3
644 10
699 10
4 5
124 10
196 4
567 9
578 3
785 3
292 10
541 5
146 10
259 2
107 9
393 6
33 1
300 9
669 6
383 9
609 9
771 2
154 5
753 9
146 3
978 2
839 6
403 1
404 8
905 1
618 10
544 2
529 5
49 5
464 10
553 7
466 1
152 6
163 5
55 6
790 10
723 7
462 2
144 10
501 8
436 10
795 6
489 9
549 4
579 4
140 2
901 10
747 6
462 9
724 6
692 4
983 6
127 10
478 2
780 1
496 8
789 1
281 10
176 1
208 10
426 9
641 10
37 9
76 1
459 1
547 6
897 6
528 3
188 2
245 8
15 6
576 5
479 3
776 4
224 10
585 2
575 1
700 8
424 2
656 9
936 9
407 10
934 7
967 10
334 7
1022 9
87 1
215 4
636 7
13 9
782 10
256 8
541 2
193 10
463 4
756 4
756 6
133 5
636 1
624 1
595 2
371 1
414 10
823 5
222 9
283 9
429 5
89 8
182 8
586 2
331 6
999 9
86 2
224 6
768 4
432 2
213 4
531 9
740 1
219 5
1000 4
130 3
167 6
694 9
799 6
560 2
379 1
612 6
699 5
958 9
1006 10
362 6
581 8
610 6
534 7
620 1
680 4
114 7
170 9
755 4
344 6
757 8
386 8
569 9
716 5
432 8
731 10
8 7
908 10
560 7
803 8
1001 1
1016 3
173 7
1015 3
1 8
822 1
764 4
425 3
189 9
841 4
921 6
42 10
202 10
941 9
425 8
542 6
388 9
625 8
185 6
188 7
223 4
233 9
269 1
9 8
726 5
855 2
896 8
941 7
259 1
787 8
953 7
78 9
128 1
791 5
264 6
256 10
53 4
481 7
112 3
840 9
827 4
452 10
13 9
382 9
536 7
697 8
796 9
784 2
584 6
496 9
495 5
186 9
882 4
651 5
885 4
354 4
134 5
171 10
622 5
553 4
399 10
939 1
341 7
857 10
940 7
232 3
582 10
89 10
272 9
147 9
343 3
410 1
601 9
967 7
854 1
563 2
659 9
227 1
471 9
710 1
862 2
166 1
455 2
1014 10
657 10
23 4
566 7
194 8
769 3
324 7
685 3
884 8
74 7
112 8
611 3
554 7
965 3
322 7
883 1
152 6
948 6
141 3
477 9
877 5
437 10
227 8
261 9
760 9
334 5
790 7
730 1
973 4
641 8
811 9
345 3
622 10
766 4
846 5
219 1
242 7
272 6
1000 5
535 2
813 4
93 3
696 1
249 4
249 9
21 1
994 10
695 6
978 8
163 6
195 2
300 6
925 8
889 7
677 3
567 3
892 8
976 9
212 8
884 7
411 3
663 5
296 7
326 5
838 9
847 3
685 9
572 5
113 2
941 5
454 3
55 4
551 9
934 10
986 7
484 5
996 5
259 1
374 7
985 5
635 4
767 4
903 4
914 9
42 4
271 1
185 5
220 6
45 8
657 7
969 1
198 7
202 8
937 1
546 3
151 2
559 8
399 1
445 7
198 8
963 8
691 2
808 3
474 6
556 1
147 1
176 4
738 7
805 6
980 8
316 7
893 8
1013 10
177 6
126 10
868 3
317 3
670 7
699 3
114 9
360 7
721 2
858 8
305 6
454 4
153 6
54 8
413 1
767 1
41 6
69 8
139 3
327 3
636 10
270 9
2 5
70 4
580 1
87 4
3 4
556 9
559 7
203 5
159 9
881 5
370 2
896 10
417 10
811 3
254 10
729 8
562 10
810 10
882 10
557 6
582 6
702 1
218 7
779 3
125 6
999 2
88 3
199 4
243 5
972 1
35 9
669 1
673 5
815 1
29 8
7 6
163 6
596 1
545 5
250 5
267 8
417 5
708 8
968 6
232 10
453 5
587 7
440 9
255 8
315 4
464 5
655 9
760 7
790 3
142 8
600 6
550 8
919 4
1023 3
955 7
83 4
424 9
710 3
875 2
57 9
785 3
502 10
241 4
173 7
374 7
458 5
730 4
852 3
3 1
29 10
32 6
178 2
246 10
678 3
908 2
690 5
514 9
978 3
509 2
493 3
769 5
941 1
39 1
175 3
863 4
169 8
343 7
485 2
737 5
990 10
49 9
250 1
934 7
776 3
162 7
478 6
615 1
304 6
839 3
919 9
509 8
728 9
203 2
431 8
923 10
467 9
260 3
868 1
378 10
733 7
618 4
801 6
432 3
115 6
166 9
904 3
876 5
218 4
434 2
875 3
921 6
26 5
650 8
604 3
100 4
79 9
659 10
986 2
393 9
822 10
730 7
606 7
576 7
704 4
95 5
168 10
192 10
348 2
635 2
786 9
411 4
709 5
925 10
299 1
108 6
450 5
786 9
982 9
72 1
673 10
518 7
619 6
916 9
902 7
723 9
543 3
523 8
131 2
138 1
337 7
357 7
109 1
68 2
739 3
775 2
572 10
670 2
417 10
116 7
438 8
569 3
109 10
1001 8
192 1
442 6
558 1
111 1
179 4
225 7
364 10
743 6
857 7
454 9
749 6
951 6
238 9
303 1
690 1
76 4
652 6
642 9
238 10
226 10
972 8
40 3
410 10
472 6
583 9
904 6
150 7
212 8
313 9
844 5
394 10
427 9
873 9
607 3
1010 2
283 9
41 7
438 9
280 8
213 3
501 7
475 3
484 1
525 1
698 5
724 1
50 10
112 9
965 1
951 2
756 3
856 1
1015 6
1019 1
305 8
1019 9
12 8
794 5
69 7
918 9
439 6
460 7
741 10
309 9
91 9
178 5
455 6
502 8
629 9
672 4
956 10
564 1
217 3
137 10
46 7
524 9
899 7
23 2
638 1
832 9
610 6
857 2
77 5
86 4
638 6
513 3
536 4
824 6
900 8
744 4
768 5
905 4
79 6
282 6
368 9
44 4
272 4
66 4
593 4
983 3
97 7
382 10
14 4
103 9
108 8
195 7
528 2
740 9
449 9
904 3
226 10
736 2
783 4
149 7
827 3
858 10
159 4
627 1
953 9
682 7
398 6
398 6
254 9
505 3
715 1
915 9
1007 6
316 10
339 1
470 3
270 5
231 6
733 1
860 7
147 6
958 1
454 1
473 7
910 3
939 3
977 7
990 7
68 9
202 5
614 4
808 4
773 9
882 8
88 2
762 3
799 3
537 7
684 7
213 6
285 1
451 6
250 1
131 8
231 8
285 8
71 9
122 4
97 10
50 10
736 10
491 2
491 9
589 9
909 7
624 6
1008 4
747 10
893 9
296 10
255 7
1013 6
1015 7
919 2
831 6
943 4
800 4
502 9
746 4
828 2
487 7
650 9
918 2
8 2
381 10
317 1
814 4
809 1
586 4
851 6
237 10
239 3
333 3
370 4
900 4
690 2
542 8
880 9
758 1
169 5
592 4
911 8
961 1
114 6
344 1
863 4
600 5
598 6
614 7
870 9
299 10
148 2
679 5
651 4
539 8
869 10
935 6
45 8
247 2
692 10
930 2
224 4
763 10
585 7
436 6
1011 10
498 4
591 6
593 8
676 1
963 4
157 8
348 10
353 5
376 10
588 6
479 1
507 3
616 1
991 4
180 8
491 6
728 4
856 6
547 3
699 8
139 7
970 8
912 10
764 4
966 4
423 7
585 3
880 4
928 5
969 3
991 4
44 7
184 10
796 3
28 3
624 2
821 6
154 8
71 4
513 8
723 3
174 3
805 2
420 7
145 1
939 1
967 1
142 8
356 9
993 5
866 8
295 2
551 10
745 5
200 1
309 8
307 3
204 5
512 1
836 10
209 4
218 3
292 9
877 10
860 10
468 7
545 8
675 4
880 1
225 2
885 9
544 7
382 9
569 6
851 6
997 10
53 9
59 9
276 5
492 6
737 4
762 6
157 9
475 4
1008 8
300 5
882 10
992 3
788 7
841 3
906 6
927 8
463 2
937 10
126 8
515 3
520 10
834 1
1005 8
175 7
270 3
363 8
625 8
901 10
50 5
58 2
573 8
690 7
989 4
301 2
306 8
365 3
863 7
178 10
177 4
504 4
548 9
955 5
21 10
24 1
159 3
966 4
617 4
189 5
366 2
174 3
963 5
866 3
57 3
275 8
179 6
889 3
213 7
591 8
705 5
937 4
1 9
289 10
416 6
43 10
701 7
882 6
979 2
237 1
998 9
242 1
325 10
691 7
376 8
585 2
383 9
726 7
714 7
868 1
897 2
184 1
387 6
1019 6
996 6
840 6
354 9
567 9
807 5
760 9
448 7
832 6
921 2
183 1
128 9
999 1
558 2
628 2
974 2
377 6
532 8
738 7
864 2
119 5
45 9
677 6
711 10
583 9
15 1
602 4
954 3
773 9
506 1
339 7
709 1
983 4
31 1
860 3
984 1
130 9
548 9
703 9
853 1
947 2
486 5
440 7
728 7
505 5
969 10
117 1
246 1
395 9
731 10
235 8
34 6
617 4
785 1
56 6
371 5
63 6
901 10
957 10
1005 10
161 9
403 6
191 10
740 2
209 7
463 9
476 1
966 9
313 10
504 8
19 8
85 10
507 9
981 4
217 9
353 5
628 1
681 10
678 10
838 6
252 8
335 3
344 4
400 1
378 9
974 8
134 5
471 10
830 10
915 3
161 9
321 2
388 6
63 5
11 2
481 5
848 5
93 5
130 3
31 1
547 4
72 6
772 10
1018 2
31 5
34 9
99 3
357 5
661 7
293 1
600 4
119 8
175 2
55 7
387 7
901 1
476 9
482 1
510 9
523 3
751 4
752 5
769 1
851 8
862 5
1007 8
911 6
64 9
226 9
576 3
290 9
549 3
288 2
807 4
475 9
105 10
430 2
451 9
819 2
298 4
185 8
557 3
67 4
132 1
287 10
354 5
155 10
938 9
562 10
796 1
800 1
882 4
36 6
101 6
88 2
203 2
817 8
287 1
82 3
877 4
913 8
784 3
965 5
82 6
911 1
363 9
617 8
426 7
156 9
771 7
122 2
780 6
11 6
588 9
674 6
716 7
903 9
905 6
960 4
192 7
399 3
522 9
855 1
545 3
232 10
582 6
899 9
226 10
454 10
319 9
130 5
518 8
719 7
814 4
381 6
930 2
81 9
793 9
503 6
254 8
935 5
704 8
400 7
837 2
340 6
12 8
109 7
632 1
741 5
384 3
462 9
428 4
498 6
605 8
657 8
451 1
232 1
460 9
638 8
957 9
325 9
796 3
157 2
668 1
863 4
913 2
111 6
291 2
361 6
996 9
855 3
685 8
565 5
530 5
584 4
417 1
294 3
701 3
650 9
121 8
220 5
923 4
77 1
543 9
26 10
764 8
55 4
455 5
659 1
312 7
653 9
710 4
835 7
930 6
227 10
460 1
838 6
200 7
636 4
757 7
195 6
749 1
164 2
597 10
910 1
691 9
48 6
194 6
336 5
855 1
384 1
118 4
360 2
875 10
265 7
202 6
888 6
448 5
159 1
580 6
726 2
924 10
409 7
504 3
240 9
116 6
40 5
972 8
769 7
611 4
536 6
32 8
593 7
825 3
289 9
593 6
854 6
2 9
259 10
1010 8
634 5
559 2
841 9
935 3
405 2
405 9
418 6
983 8
753 9
806 5
6 7
428 6
1016 10
575 4
256 4
559 1
705 8
995 2
938 7
359 3
500 8
62 3
828 3
130 1
542 7
759 1
625 8
314 5
234 3
554 9
682 8
314 9
960 10
291 8
864 1
985 3
994 1
62 8
960 7
528 2
582 3
475 6
120 9
416 4
498 6
498 6
566 10
271 5
952 3
682 6
973 4
85 9
156 3
231 9
493 8
661 5
23 7
255 8
289 8
384 7
541 1
254 4
98 7
881 1
357 10
388 8
408 9
13 6
137 2
173 1
58 6
819 4
705 5
472 6
199 8
452 8
487 3
432 4
159 3
844 6
132 8
688 6
972 8
398 3
448 5
637 1
698 5
445 1
182 1
673 10
17 3
417 3
774 3
622 10
452 9
768 7
842 8
877 3
995 5
996 5
1008 6
58 6
75 8
864 8
657 8
847 5
359 2
750 8
727 3
274 7
362 8
782 10
9 6
791 9
570 8
460 9
647 9
812 9
678 3
147 6
556 3
5 2
118 5
657 7
425 1
161 6
975 3
596 2
391 3
57 2
676 10
422 8
755 3
577 8
695 10
889 1
1006 8
10 3
235 9
359 9
49 3
908 5
838 6
943 1
430 3
78 1
548 1
889 10
1011 4
113 3
155 3
102 1
899 10
990 9
173 9
842 2
649 4
793 8
1018 3
222 4
265 5
372 7
471 8
611 8
772 1
722 6
21 8
1022 2
789 5
48 3
67 2
430 10
132 1
165 2
146 7
646 4
837 10
859 1
862 7
689 9
175 8
531 6
193 7
470 9
202 6
849 2
786 2
1009 4
274 10
373 8
208 9
460 3
253 10
108 5
389 9
114 3
0 5
726 4
64 5
202 10
384 1
703 5
874 5
39 2
839 7
741 2
810 3
880 10
1015 5
266 4
546 1
658 10
676 7
968 1
162 10
395 2
293 3
50 4
497 2
537 7
287 5
940 9
198 10
678 10
12 9
40 7
698 5
738 1
478 5
530 5
530 5
855 10
989 10
521 6
301 9
726 4
442 8
761 1
660 10
835 6
23 9
67 10
89 1
207 4
255 5
782 4
63 3
560 8
565 10
304 7
544 9
720 2
740 10
773 2
12 5
91 8
328 2
258 3
970 7
993 7
827 6
70 9
391 4
545 10
313 7
488 6
996 9
604 3
775 4
568 10
258 6
402 7
528 7
629 3
180 7
212 8
691 3
1017 6
79 6
728 1
989 3
414 8
53 7
739 1
881 1
972 5
76 4
298 2
501 1
281 5
982 10
132 8
692 6
980 5
65 1
218 6
309 6
940 1
411 8
494 7
590 9
764 1
962 1
373 3
480 9
64 5
224 7
904 4
728 5
792 10
826 10
18 2
207 1
286 2
427 7
164 5
534 9
920 10
608 2
182 8
184 2
470 3
536 10
426 8
102 3
797 4
352 5
243 3
339 3
527 1
998 9
919 7
591 6
640 4
293 6
418 3
456 4
278 8
1003 9
16 9
447 9
515 1
757 9
432 9
147 10
462 3
708 6
730 10
76 7
289 4
135 5
150 10
1016 3
355 8
693 3
952 3
1004 8
214 3
424 10
259 7
786 7
335 9
664 1
760 9
1002 1
624 3
682 6
905 3
5 6
149 1
287 7
316 4
145 2
865 6
323 7
495 9
54 4
879 4
127 7
637 8
88 7
843 8
139 5
647 10
210 7
347 9
511 3
206 5
340 1
273 8
860 3
937 10
349 6
173 8
463 3
710 3
744 10
157 3
216 3
441 2
781 1
377 1
876 7
632 7
926 4
928 6
20 4
339 8
347 7
974 4
490 2
39 6
492 1
808 10
927 4
994 10
303 2
534 8
958 7
306 7
815 10
682 3
601 2
598 8
1012 1
114 7
33 9
65 9
131 2
349 10
464 10
918 1
709 9
318 2
227 3
66 7
978 7
389 1
1017 2
34 7
152 7
184 6
478 5
534 10
77 1
812 9
566 7
570 4
251 5
322 7
565 7
498 10
83 3
854 10
281 9
440 9
789 5
827 6
332 3
606 7
537 10
683 10
268 3
878 10
579 3
102 6
183 1
305 9
427 6
173 2
376 3
719 8
188 2
510 8
221 5
565 4
219 4
754 1
64 5
695 3
60 8
245 9
334 5
375 10
116 1
677 1
93 1
431 8
680 7
939 2
269 4
898 5
606 6
237 8
620 8
777 3
818 4
295 1
492 4
152 5
894 7
796 2
9 10
294 5
369 7
222 8
629 3
461 3
577 2
622 3
513 8
754 6
707 1
576 2
943 9
54 6
251 8
254 8
281 3
720 4
649 3
192 2
568 3
741 10
780 3
289 4
909 10
931 6
164 4
486 6
91 5
346 1
931 2
740 4
620 3
816 9
129 8
149 4
304 8
175 4
214 8
317 10
497 3
470 6
349 6
805 1
852 7
444 9
613 2
381 9
948 8
232 5
314 6
118 6
250 7
729 5
478 4
295 2
416 7
438 2
629 8
70 5
420 3
844 10
744 6
300 2
173 2
237 4
879 10
410 4
910 2
194 4
353 7
74 6
0 9
165 8
177 8
417 6
597 10
469 9
888 5
86 10
405 9
671 3
791 5
154 10
542 9
191 9
1004 6
256 4
435 8
546 6
416 6
152 7
204 8
1019 9
412 4
870 3
895 7
257 3
393 4
489 7
489 6
416 8
943 5
88 4
898 4
763 2
677 1
818 3
299 2
932 6
740 7
686 8
236 10
352 1
512 2
667 2
997 3
483 10
588 10
167 3
94 2
661 3
953 1
49 1
561 8
41 1
413 6
137 8
717 2
655 3
712 10
635 6
60 1
686 8
173 9
234 5
355 6
413 5
459 4
105 4
84 8
901 8
232 4
769 4
989 9
6 8
75 7
149 1
561 2
232 1
317 9
969 3
786 3
444 4
775 9
631 1
709 1
137 9
670 2
799 5
994 8
367 3
936 3
536 3
200 3
800 8
196 7
659 5
475 8
825 5
369 7
567 7
574 6
127 2
1007 7
119 1
721 8
635 10
829 8
898 8
57 6
112 1
383 3
241 1
758 4
50 8
164 10
544 2
616 3
625 1
1023 6
284 9
769 3
194 2
785 4
304 6
390 6
182 5
191 6
660 5
969 5
323 3
488 4
518 8
137 6
771 3
191 1
807 2
81 4
303 6
729 6
901 7
706 4
159 9
583 2
829 2
695 3
841 1
667 1
729 4
401 4
413 7
259 1
662 3
904 5
361 1
679 1
908 7
777 8
872 8
1020 1
15 4
123 6
608 3
884 9
417 1
795 10
6 1
253 8
449 4
467 8
737 1
433 4
987 10
913 2
151 8
286 10
144 9
167 9
364 4
631 7
886 3
978 7
628 1
372 6
574 8
304 1
580 3
628 1
765 10
981 5
120 1
1014 6
316 5
507 10
885 8
327 10
975 5
576 3
858 3
864 8
60 5
947 9
184 10
949 8
773 3
4 6
299 1
406 6
421 2
552 3
942 2
755 1
431 8
495 8
608 1
67 5
722 10
309 8
67 3
812 1
143 5
746 7
106 10
678 8
397 1
746 1
441 2
453 1
619 1
620 1
697 9
964 3
749 6
221 9
576 3
585 8
537 3
388 9
184 3
735 2
18 4
859 8
706 4
602 1
939 6
618 7
108 6
474 1
558 7
207 4
737 8
128 4
228 8
67 8
186 5
795 10
864 4
490 5
146 7
12 8
846 3
894 2
60 6
121 7
370 2
599 6
606 10
337 4
99 8
1008 10
8 2
187 10
297 7
299 1
345 10
482 4
775 9
745 3
554 8
231 8
505 1
907 1
71 8
390 1
391 6
476 8
254 6
982 5
234 10
800 5
71 9
752 7
645 6
735 3
749 3
908 1
546 4
843 4
143 10
327 8
292 10
843 7
650 7
151 9
1014 10
1019 10
380 9
164 6
701 4
696 3
802 1
201 9
158 3
84 1
168 6
941 4
672 6
823 6
1013 5
658 5
280 10
646 1
671 6
848 1
106 8
114 9
932 7
877 10
639 6
704 1
866 4
252 7
644 1
981 7
262 1
520 4
793 10
844 8
200 3
261 5
510 9
555 10
777 9
46 9
85 5
819 3
712 5
964 6
51 5
77 5
152 9
578 3
517 4
934 4
743 3
103 3
723 10
755 5
910 1
43 7
58 3
367 8
409 9
641 7
479 9
31 6
885 8
201 3
988 1
84 3
315 5
414 4
256 3
86 6
798 8
1002 6
118 5
380 6
928 9
234 7
252 7
153 4
220 1
231 3
2 6
481 9
905 10
1015 9
819 3
23 6
237 9
838 7
598 3
354 9
886 4
48 9
111 5
77 2
824 8
295 9
34 6
508 8
512 7
475 8
858 6
338 7
321 10
100 8
644 5
676 1
866 7
527 10
233 10
319 9
368 10
481 1
605 5
702 4
733 6
698 2
757 10
852 1
532 10
119 8
674 1
610 5
722 9
767 8
178 1
458 7
597 3
500 5
148 1
197 2
253 7
614 3
957 5
782 8
216 6
252 8
930 6
333 5
266 4
751 2
7 7
226 9
15 6
551 1
887 2
1001 2
707 9
705 9
40 10
979 5
679 5
32 2
200 4
596 2
613 1
59 7
78 4
789 3
878 3
212 1
779 2
477 1
40 4
206 3
283 6
351 1
1004 3
756 1
820 5
892 7
57 7
343 7
603 2
950 10
811 10
375 2
31 8
589 3
644 6
755 8
165 1
754 4
846 9
905 7
39 9
245 8
117 2
643 6
388 4
701 8
905 3
372 10
506 10
246 7
879 7
260 7
351 5
804 1
925 6
1013 4
150 8
660 1
915 10
469 6
889 8
952 9
808 4
426 4
513 10
658 1
416 1
527 7
16 7
871 4
332 3
444 6
572 1
109 1
594 1
54 9
853 2
874 5
892 7
102 2
511 3
529 10
627 8
986 2
453 10
358 3
176 8
414 5
615 1
666 5
128 10
143 3
706 8
843 7
998 1
573 7
304 4
1021 2
795 9
909 5
453 10
27 8
871 5
742 7
171 7
876 5
398 7
499 6
552 6
495 8
560 3
779 1
28 1
568 10
62 4
174 5
765 6
800 7
903 7
43 5
127 2
37 9
402 7
22 3
334 9
478 8
822 7
824 4
322 3
970 10
599 8
974 10
595 8
928 10
60 9
1014 10
940 5
781 4
902 8
156 10
26 3
504 6
1012 10
861 4
521 9
942 4
901 9
224 6
169 6
359 5
379 1
411 2
49 3
136 1
800 7
431 7
138 10
340 2
483 9
28 7
437 7
538 3
765 9
62 5
211 9
415 10
541 6
290 4
822 6
713 8
916 2
771 10
791 6
987 10
279 2
550 3
921 9
193 1
966 8
820 6
850 6
303 9
166 10
74 4
739 8
748 5
881 2
5 1
208 2
330 6
613 3
571 3
920 6
513 10
767 10
129 7
329 1
182 4
642 3
25 3
105 5
126 10
628 9
820 1
221 8
313 8
1012 1
5 10
530 5
505 5
384 5
659 2
157 5
865 7
343 3
280 10
230 9
418 8
303 5
798 9
950 10
23 7
179 1
295 8
742 7
881 8
262 9
436 7
479 3
642 4
126 5
38 8
672 8
279 4
659 4
349 1
51 8
710 2
48 8
860 2
447 9
525 5
923 7
741 1
721 1
1006 6
473 8
645 1
369 4
707 7
39 3
503 5
665 9
492 8
435 5
964 3
630 4
612 4
679 8
35 1
577 1
665 9
704 7
80 7
819 8
353 8
549 6
109 6
926 4
84 4
445 1
370 5
562 9
602 1
320 1
557 3
702 2
481 4
245 10
356 3
929 5
444 10
764 3
743 10
864 9
893 9
795 10
814 3
648 5
1013 10
985 1
1005 6
598 10
842 9
692 8
929 2
1010 6
866 5
124 9
152 6
989 4
438 7
748 3
12 10
156 10
398 1
179 4
739 10
135 5
186 2
305 5
469 7
820 9
16 7
206 6
598 2
180 4
265 1
201 8
823 8
948 7
262 8
731 1
808 4
851 10
926 5
82 5
116 10
220 1
569 8
776 1
31 1
471 7
821 8
578 4
534 2
113 2
782 9
606 8
989 2
76 9
343 2
703 1
138 7
625 10
660 9
223 3
938 10
179 6
518 6
288 7
373 9
422 3
70 9
649 10
38 1
960 9
290 6
954 5
384 1
832 6
983 2
961 1
1000 6
112 5
216 1
939 2
215 10
270 10
949 8
438 7
531 4
173 2
486 2
310 5
524 4
186 6
263 2
509 3
205 8
1014 1
251 7
995 8
1 1
71 7
418 4
448 7
539 1
140 7
543 5
90 8
362 9
121 6
349 8
584 5
612 6
224 5
613 4
743 5
881 6
944 1
269 3
326 1
369 7
549 10
124 4
357 4
230 9
306 10
449 10
718 1
274 8
199 6
895 10
994 9
7 10
67 10
755 7
735 9
116 5
364 7
659 6
399 1
49 7
945 2
819 2
986 4
82 8
145 9
240 3
275 1
852 7
147 7
928 2
937 7
757 6
732 9
639 3
629 2
803 8
173 7
404 10
396 2
964 6
428 4
617 1
360 5
856 6
632 8
19 10
102 8
341 7
442 7
530 1
823 2
778 10
778 8
815 2
899 10
15 6
268 2
375 3
540 1
694 8
166 9
715 10
893 2
897 9
160 7
225 3
395 9
451 2
580 4
595 7
301 1
534 10
579 10
703 1
931 4
526 2
474 5
387 10
844 1
154 7
224 6
681 7
700 7
792 7
814 9
979 3
974 2
280 3
378 6
649 3
711 10
846 1
729 5
849 2
392 4
557 10
585 6
829 6
766 6
636 3
424 5
138 3
767 6
797 10
1020 6
182 5
627 1
626 7
408 4
290 6
779 6
972 9
406 10
817 10
714 3
694 5
199 7
1017 4
34 10
483 1
210 5
628 6
378 6
639 3
758 6
891 8
509 8
64 4
227 5
176 5
947 9
22 4
78 5
460 4
663 2
833 9
639 7
6 2
106 7
460 5
491 9
110 9
921 2
32 4
284 9
983 1
571 1
577 6
759 7
899 10
671 4
242 8
1002 10
1007 5
305 4
513 3
624 1
671 8
732 7
203 1
47 10
649 5
918 7
973 3
669 1
298 4
298 6
385 3
984 3
73 10
161 5
305 8
548 9
127 10
482 7
659 10
734 6
987 5
412 1
607 4
903 4
981 8
749 6
38 10
807 10
887 10
164 7
261 1
754 7
494 1
73 8
326 9
440 9
354 7
551 9
995 5
886 10
532 1
99 8
108 10
992 2
128 9
402 3
428 6
226 10
823 10
233 2
943 6
858 1
50 7
416 10
594 2
977 2
921 7
918 6
928 4
307 4
420 4
711 3
480 8
542 1
819 6
1016 4
262 8
691 9
620 10
683 6
781 4
98 10
236 6
744 6
327 4
117 9
801 1
939 8
21 1
745 6
695 10
337 4
344 1
660 8
878 5
958 2
93 1
176 9
214 10
301 4
392 5
507 7
914 8
279 5
902 10
879 7
167 9
322 3
488 7
609 3
600 4
460 1
46 6
359 5
27 3
201 2
3 6
284 2
468 7
611 3
901 4
789 5
692 10
872 10
158 4
457 10
518 1
148 1
935 8
864 5
269 10
401 9
445 9
908 4
47 8
623 3
534 2
64 5
507 3
957 8
8 4
938 7
869 8
190 2
375 2
602 9
636 9
536 4
63 4
152 2
896 8
19 1
361 3
719 1
963 9
294 4
833 8
951 9
100 2
181 4
615 8
574 3
67 10
647 9
827 1
88 9
103 8
738 10
738 8
82 7
910 10
786 9
834 8
350 3
668 2
747 6
682 1
935 9
208 9
75 1
148 9
291 1
469 6
579 3
179 9
190 6
558 1
687 4
765 4
988 6
923 10
78 7
298 10
533 4
662 8
509 10
720 9
162 7
396 4
954 1
884 4
63 9
163 6
314 2
466 3
969 9
196 5
281 3
357 3
449 1
609 4
936 10
109 4
370 9
551 7
602 3
371 9
778 9
522 2
68 4
245 10
891 8
169 4
311 8
981 6
429 7
931 10
862 8
863 5
880 3
17 10
194 1
519 5
567 5
771 5
50 7
667 3
291 1
212 7
103 8
139 3
288 10
326 7
939 3
257 6
874 9
354 3
831 2
19 5
312 5
510 9
590 5
832 8
692 6
945 7
742 7
889 1
543 10
472 9
1011 9
646 10
517 8
841 4
826 8
972 10
127 10
999 6
386 5
40 6
110 5
289 6
633 10
680 9
225 6
711 10
616 10
115 4
17 3
421 3
477 3
313 9
464 1
953 7
575 2
545 4
274 5
745 10
6 6
801 3
9 4
651 8
699 9
41 5
229 9
303 6
402 3
603 5
8 8
811 6
1019 5
816 5
408 4
639 5
690 7
67 6
464 1
604 8
683 7
766 1
797 3
832 9
364 6
642 1
231 3
80 8
279 7
735 8
306 8
904 10
22 8
227 2
673 1
864 9
910 1
888 3
341 6
423 2
582 1
827 5
1005 10
491 5
1010 3
440 5
462 4
611 2
59 10
758 10
238 10
244 9
340 3
401 4
675 4
559 10
811 7
718 4
97 10
973 8
410 1
106 2
983 5
156 1
181 9
267 10
349 10
981 2
830 7
215 6
526 3
327 9
670 10
799 6
808 7
941 3
66 3
348 3
92 9
982 8
136 1
565 9
626 1
945 2
510 9
896 8
329 4
842 8
256 10
11 2
143 2
410 4
742 9
471 4
711 3
229 1
933 3
931 4
560 10
351 1
738 2
91 3
93 6
580 9
799 5
13 4
123 10
747 10
465 8
65 8
953 8
574 4
929 6
594 3
41 1
463 2
503 4
648 3
654 3
733 2
707 8
764 6
971 5
273 8
697 1
669 5
716 9
693 6
719 8
421 6
933 3
307 1
685 7
692 6
368 10
174 6
918 5
33 10
717 8
738 2
762 10
299 5
33 6
643 6
1013 6
164 7
230 2
656 8
685 4
391 6
835 2
907 5
936 10
489 3
959 7
953 10
860 4
605 5
922 2
1005 9
198 8
975 2
543 10
793 8
107 6
965 2
313 4
397 3
567 6
805 5
535 6
777 1
494 3
408 2
856 1
962 3
165 4
613 2
744 6
279 4
606 8
257 5
166 10
172 2
275 1
810 7
454 10
176 6
408 6
1002 5
947 10
44 1
790 2
971 7
30 9
95 7
199 5
390 9
724 6
791 8
801 9
440 6
129 4
912 5
883 3
38 2
146 10
776 8
751 9
938 9
430 1
778 8
243 9
824 2
481 7
532 6
885 10
178 10
81 9
425 10
890 6
901 8
922 4
970 8
14 8
48 3
100 2
473 2
520 10
44 6
229 3
334 9
482 6
655 7
453 6
514 6
285 6
362 3
526 7
1005 4
154 9
864 5
943 5
313 9
909 6
900 5
439 6
308 4
613 1
793 4
490 9
1005 10
429 3
1019 3
517 2
813 8
507 8
712 9
256 5
555 8
640 4
641 7
679 7
163 3
174 9
382 5
504 6
585 10
741 1
646 8
208 3
199 9
69 5
33 1
174 7
248 3
743 1
671 9
634 3
327 5
208 10
334 3
965 6
508 5
875 5
890 8
142 9
455 5
644 1
886 5
522 2
743 2
100 1
871 8
894 4
693 6
105 3
160 5
266 8
427 6
410 6
718 10
460 8
25 2
734 7
108 4
659 1
357 3
582 7
1009 7
110 3
447 1
881 2
887 4
677 2
138 1
318 1
566 10
240 10
231 1
489 6
946 10
470 1
478 3
484 1
530 10
310 2
196 9
181 6
909 9
999 1
1023 8
66 9
151 6
418 6
737 6
828 1
962 1
385 1
260 6
887 6
970 2
378 7
175 9
390 2
316 10
1017 8
397 10
657 6
1007 6
622 3
762 1
343 8
900 5
630 8
103 5
520 1
102 2
97 2
426 10
446 3
825 4
702 2
399 7
30 9
556 3
688 4
861 9
861 9
320 2
788 8
460 5
520 7
1017 4
924 7
20 9
360 4
413 4
432 7
277 8
477 4
788 5
132 8
508 8
633 4
711 9
804 9
839 5
496 1
772 5
622 8
442 2
1004 7
145 8
553 6
878 9
698 7
38 10
107 7
424 8
434 3
658 7
20 9
713 5
113 7
645 4
889 5
83 8
994 8
219 1
982 6
1010 5
932 7
168 5
187 10
342 3
364 1
166 10
438 1
142 6
774 8
261 9
898 9
414 10
891 5
592 3
413 9
89 1
676 4
681 5
849 8
22 5
15 1
906 5
133 9
771 10
88 10
615 8
920 10
959 3
1022 9
219 10
120 8
382 9
902 6
942 8
252 5
526 5
790 9
247 2
677 5
183 10
485 10
847 5
356 2
11 2
366 3
956 8
366 5
558 7
170 1
681 5
877 8
3 8
325 5
426 10
466 4
645 10
876 8
507 3
162 9
886 7
900 5
568 10
865 9
667 3
214 7
767 5
554 4
586 10
673 7
279 1
768 7
897 10
965 7
968 9
412 9
420 4
426 1
788 3
526 10
348 5
540 1
700 8
853 2
501 1
729 6
694 2
1004 7
944 1
315 4
349 10
429 10
926 10
401 8
436 6
464 4
324 1
832 3
211 9
248 8
144 8
960 9
94 10
333 7
616 9
1016 10
322 8
783 4
920 2
315 4
427 9
622 8
650 8
954 1
835 10
280 3
655 4
877 7
618 3
760 10
848 5
55 6
94 5
664 2
853 4
856 6
758 10
6 8
200 5
146 4
588 5
804 3
961 4
897 4
485 6
107 8
140 10
332 7
435 3
792 1
515 10
866 5
513 1
674 8
847 8
162 6
836 6
35 7
980 9
9 2
193 8
787 8
201 8
869 5
749 8
677 7
669 7
332 8
107 3
711 9
341 8
739 2
925 2
406 9
912 1
575 7
850 4
267 8
634 2
250 3
731 10
592 7
311 8
348 10
812 8
775 8
181 5
54 7
207 7
293 6
879 10
888 4
739 9
438 2
954 1
985 6
113 9
574 5
594 4
869 9
941 8
162 9
606 8
259 5
78 6
516 10
754 10
389 7
470 9
738 10
40 6
411 4
840 5
391 8
877 5
858 5
914 3
290 10
431 10
450 10
460 1
600 8
612 7
689 9
771 4
59 8
836 8
373 7
768 10
687 8
873 6
168 10
758 4
469 9
683 7
272 6
337 4
922 8
215 1
396 3
543 4
803 10
614 5
274 10
381 6
365 3
989 8
392 4
552 3
653 10
671 7
285 1
672 3
469 6
912 7
937 5
27 5
871 5
985 2
217 5
429 6
25 2
91 9
637 1
824 5
168 3
33 2
246 9
306 10
514 5
615 7
773 4
639 1
358 2
928 4
41 8
167 10
406 7
579 10
840 6
981 10
855 9
680 5
181 10
921 5
483 1
778 10
804 1
586 2
400 3
649 1
133 6
461 6
467 1
42 2
412 8
992 6
189 5
419 10
832 5
1011 6
905 7
893 1
189 3
466 8
617 2
189 7
477 2
205 6
768 8
900 3
337 9
971 1
155 9
674 10
181 3
454 3
398 9
692 2
226 4
263 10
1006 4
372 9
920 4
82 3
122 3
169 4
171 2
231 5
220 5
161 5
230 1
387 9
562 1
755 7
763 6
822 5
110 4
409 2
923 9
81 6
264 10
362 9
407 2
546 7
265 2
62 2
355 4
544 10
695 6
872 10
916 4
884 2
973 6
83 5
240 9
308 6
693 9
753 2
763 7
440 2
909 5
366 6
76 1
836 4
825 2
903 8
52 8
163 1
363 10
480 4
703 7
781 10
133 10
932 8
918 9
191 1
120 4
486 10
953 2
862 7
182 4
938 1
996 8
331 8
893 2
163 8
370 10
673 6
144 6
229 9
708 4
882 10
98 3
558 4
718 5
429 8
559 4
104 7
985 6
42 5
652 9
734 2
908 4
558 6
686 10
420 5
763 4
159 9
713 2
818 6
1012 8
710 5
415 2
472 2
663 6
954 4
481 6
580 2
741 4
788 10
814 4
579 6
956 3
595 6
645 7
923 8
867 7
81 10
814 3
821 3
957 10
144 7
159 1
296 7
361 7
649 4
158 8
335 10
260 9
473 5
772 8
779 9
490 3
414 6
604 3
824 10
295 9
948 5
785 10
221 8
339 1
430 10
734 7
435 4
905 5
556 10
1020 4
119 7
464 9
493 7
722 10
774 7
257 4
246 6
924 1
833 9
50 4
93 9
98 4
137 2
316 1
573 2
631 6
725 2
790 3
423 1
400 3
766 8
978 1
529 9
542 1
687 5
1000 7
76 7
251 2
316 7
962 7
309 9
311 7
335 5
643 4
811 3
898 8
359 1
245 6
624 2
689 4
74 2
66 9
873 8
408 4
515 1
762 6
839 5
593 5
577 9
881 1
729 1
733 2
812 2
178 4
791 7
164 5
99 10
238 2
229 10
854 10
186 8
623 9
831 10
750 9
447 2
324 6
718 7
936 5
65 3
40 2
583 8
143 9
623 8
950 1
725 8
55 5
670 10
949 1
98 5
699 10
125 6
385 2
378 6
776 9
61 7
499 3
230 2
674 9
550 3
4 2
193 7
262 3
597 1
796 7
818 8
825 10
924 2
397 9
311 7
47 6
724 5
783 1
885 1
930 4
84 5
444 3
897 1
61 9
356 7
432 5
957 5
121 2
931 3
875 8
388 10
172 9
1 3
171 5
180 1
450 10
662 5
774 8
933 10
955 5
175 7
476 9
400 1
560 7
303 9
197 6
981 3
767 2
0 4
825 7
872 3
273 4
277 6
496 10
497 7
469 4
883 9
723 9
995 2
206 5
888 4
59 1
412 1
724 1
972 9
6 2
856 1
940 7
10 4
542 1
828 3
98 6
340 8
434 5
776 9
178 5
973 9
102 7
416 4
154 7
628 3
648 6
204 2
736 6
705 3
385 1
847 6
323 3
879 7
826 2
466 5
115 1
223 6
420 4
433 4
693 8
451 9
78 2
75 10
270 4
296 10
317 7
423 1
143 8
151 7
353 6
879 9
527 1
602 3
784 9
448 10
338 1
610 5
420 3
1022 1
50 7
419 8
535 7
685 10
856 2
180 6
836 8
975 2
914 1
831 7
819 5
351 1
381 8
488 8
747 9
961 9
29 4
793 10
540 5
504 8
992 6
37 5
236 6
499 4
963 9
920 6
755 3
808 8
326 4
77 7
96 2
454 8
559 4
686 10
742 2
441 2
181 8
512 3
622 5
826 2
87 10
970 2
268 7
989 8
28 8
140 3
332 9
187 10
763 2
400 7
173 10
13 2
285 2
359 3
563 7
939 1
330 8
618 7
666 5
742 3
436 2
226 1
224 4
213 5
341 8
541 5
176 2
890 9
621 5
646 7
758 8
810 2
909 10
958 3
452 4
787 6
256 5
541 10
867 6
371 9
811 8
638 5
14 9
491 8
724 2
809 5
393 3
290 6
445 4
753 1
86 6
154 10
249 5
446 1
167 10
756 3
134 7
337 5
497 3
712 1
906 2
927 6
897 6
993 4
336 7
368 2
678 2
115 5
733 4
617 10
757 5
692 10
252 3
164 10
781 6
650 1
194 1
122 7
531 10
539 3
714 4
721 2
975 8
904 8
431 4
600 9
209 2
517 9
360 10
400 7
420 4
417 4
102 8
429 3
105 5
972 6
761 2
911 6
126 1
424 5
535 7
205 1
985 4
34 5
1012 7
59 7
330 10
497 1
867 8
559 10
731 9
603 8
31 4
493 2
727 8
760 5
960 2
507 5
48 10
336 5
439 6
478 9
536 9
924 8
507 5
190 2
278 2
427 10
174 10
596 3
212 2
437 9
546 9
679 1
73 5
129 7
441 1
794 6
350 2
855 1
300 9
6 5
1010 6
302 4
328 5
940 7
724 6
150 5
29 8
377 8
306 1
664 2
154 1
831 5
551 1
651 6
754 10
249 4
547 9
246 1
34 1
257 2
669 3
881 7
550 8
864 7
103 8
590 6
182 2
712 6
805 10
839 4
841 10
450 10
430 8
825 9
916 4
513 8
703 6
303 10
606 7
858 6
398 6
460 8
754 5
78 1
406 4
507 6
635 10
136 5
428 8
852 7
109 10
522 4
383 2
490 8
713 6
806 3
867 5
70 1
999 6
1011 1
416 10
793 9
912 6
1010 1
515 4
561 1
688 10
929 8
993 7
697 1
407 6
712 10
673 4
341 10
823 6
643 5
140 5
321 10
687 10
727 1
621 6
641 10
307 3
407 7
654 9
385 6
526 5
166 8
59 3
492 10
550 3
884 10
275 9
306 3
764 4
191 5
56 4
564 2
857 8
862 4
538 6
748 4
183 1
457 2
23 6
517 3
386 9
439 6
592 9
799 5
641 10
841 3
385 1
222 3
145 8
228 5
937 4
615 1
745 6
680 2
136 6
162 10
219 1
236 9
519 2
296 9
969 1
872 9
26 5
150 10
855 8
355 3
608 6
217 2
