100
0 5
5 6
11 6
17 5
22 7
29 6
35 8
43 8
51 4
55 11
66 5
71 7
78 12
90 5
95 6
101 10
111 6
117 8
125 7
132 8
140 7
147 6
153 5
158 4
162 9
171 6
177 8
185 6
191 5
196 6
202 9
211 7
218 4
222 4
226 5
231 6
237 5
242 5
247 4
251 6
257 4
261 3
264 6
270 3
273 6
279 6
285 10
295 5
300 10
310 3
313 7
320 3
323 8
331 8
339 6
345 10
355 4
359 7
366 5
371 5
376 6
382 7
389 4
393 6
399 7
406 7
413 10
423 4
427 5
432 6
438 4
442 3
445 8
453 7
460 5
465 2
467 4
471 8
479 7
486 7
493 6
499 4
503 6
509 3
512 7
519 8
527 7
534 6
540 8
548 3
551 9
560 3
563 5
568 5
573 4
577 7
584 4
588 7
595 4
599 5

77

604
82 7
12 7
11 9
12 1
87 10
61 3
5 3
24 6
55 2
13 3
34 1
7 9
2 10
2 10
57 9
59 9
83 6
57 9
79 9
39 10
62 1
89 8
66 4
61 9
10 1
20 3
32 9
46 5
47 2
1 3
69 2
7 3
12 9
30 5
54 5
52 3
78 2
7 7
21 8
22 2
35 5
85 6
85 9
2 9
5 3
6 7
62 5
16 6
32 4
53 7
94 4
46 1
23 5
37 3
41 9
39 7
22 2
50 3
33 2
14 1
17 1
36 1
45 2
52 9
85 3
99 4
4 1
26 4
33 10
86 4
98 5
89 6
65 8
0 9
51 6
70 5
88 2
97 8
0 7
30 1
5 9
82 7
0 1
24 4
42 7
59 8
69 8
72 2
77 9
77 1
72 10
1 3
17 2
58 10
73 7
18 6
78 1
9 1
72 1
17 7
53 6
97 5
78 3
79 4
15 3
15 3
29 3
49 7
57 10
73 5
91 4
7 6
44 5
31 7
48 2
66 1
41 9
13 2
48 2
14 7
30 8
9 1
55 1
61 6
72 6
14 6
19 3
86 9
77 7
29 1
71 10
84 5
18 3
95 7
40 9
32 3
43 10
63 3
64 8
75 2
46 9
53 1
85 10
4 3
31 2
72 4
81 4
31 10
90 5
6 8
46 9
30 9
93 6
9 2
85 2
6 2
40 5
58 8
8 5
48 3
56 6
71 6
1 6
12 4
46 8
32 2
34 4
49 7
50 4
52 10
61 9
84 5
87 6
35 9
51 4
61 6
75 2
10 4
45 8
94 4
76 3
42 6
33 3
46 2
46 3
52 8
83 5
31 8
71 4
37 10
94 8
91 10
63 3
90 7
85 8
84 7
18 1
50 7
15 3
43 6
64 5
93 3
12 1
17 8
21 9
5 5
67 3
35 3
43 10
44 7
68 4
16 7
21 10
27 8
20 2
59 3
78 9
94 6
24 2
7 4
19 3
4 9
9 2
10 10
39 10
26 3
35 7
24 4
87 6
1 1
74 5
34 7
25 9
6 5
30 3
65 2
65 4
9 1
42 10
80 8
61 9
68 8
37 9
37 9
27 10
8 3
68 3
45 6
74 7
53 9
90 1
9 7
33 10
73 10
3 10
70 6
67 3
19 9
22 5
53 8
55 7
16 9
8 9
60 3
26 6
36 10
97 8
12 7
66 8
77 2
19 10
30 10
29 6
16 5
50 4
58 9
30 7
73 4
48 4
26 8
38 6
9 2
54 4
48 7
60 1
8 1
20 9
21 9
24 8
46 4
46 4
26 2
4 5
26 3
60 3
88 4
4 2
49 7
78 4
90 5
16 2
17 2
23 3
45 7
44 4
66 7
74 7
81 1
87 3
92 4
47 7
15 7
24 7
9 3
29 7
44 4
24 4
90 5
56 8
87 10
11 6
25 4
97 6
6 3
27 8
24 10
70 9
9 9
69 8
65 1
73 7
20 1
40 8
14 6
38 9
7 7
83 1
88 1
95 2
45 4
5 5
55 10
79 5
92 6
96 10
1 2
54 10
40 7
65 1
17 1
77 10
60 3
69 2
79 10
98 4
23 6
59 6
62 9
50 8
2 9
3 9
82 6
82 4
15 10
64 3
98 3
44 9
13 10
80 4
22 8
90 6
31 3
56 6
2 9
12 8
90 4
41 3
81 6
45 1
46 3
55 3
68 7
1 3
4 9
36 9
17 6
25 6
24 9
97 9
7 5
56 9
84 2
3 1
28 3
19 3
88 10
95 4
78 1
97 1
29 5
19 8
57 3
82 8
91 2
92 10
99 5
11 8
55 1
35 2
35 4
66 9
52 1
93 4
4 4
16 1
65 9
48 7
42 8
95 1
70 6
80 6
96 9
99 8
30 3
88 3
39 3
84 7
60 7
30 4
36 8
37 3
95 7
5 2
52 8
12 8
96 8
55 2
82 8
39 6
52 9
11 5
66 6
27 4
18 10
23 6
13 10
14 1
20 4
17 6
12 2
74 2
86 2
97 5
39 10
44 4
52 7
15 5
13 7
79 7
86 10
38 7
72 2
34 5
48 7
86 3
19 2
25 2
26 3
76 10
76 10
88 8
18 7
55 10
12 9
42 2
12 1
80 10
87 10
93 7
6 2
14 1
15 3
47 4
63 1
31 9
84 4
3 9
15 4
79 6
79 6
55 10
73 7
54 5
36 8
58 4
66 6
88 1
86 2
77 10
60 6
48 1
20 4
85 5
0 7
12 7
57 6
57 4
69 8
64 8
27 5
2 6
53 1
25 5
62 2
78 4
67 7
28 7
18 5
92 5
20 10
22 2
28 8
81 5
6 6
6 9
9 3
89 8
18 9
80 2
72 2
73 10
10 4
74 3
90 5
25 6
34 6
77 10
50 10
48 3
0 10
47 4
63 10
67 3
76 8
80 1
11 2
53 1
95 10
11 6
3 8
85 8
21 5
28 7
50 5
59 4
47 5
38 1
58 6
86 5
99 9
28 10
15 4
64 2
84 5
96 10
64 10
48 4
54 6
21 6
65 4
29 3
77 7
98 2
26 4
31 6
7 4
27 8
19 7
63 4
66 1
99 9
88 10
68 7
53 2
69 8
92 10
54 10
66 9
15 5
42 8
51 6
63 1
72 5
61 9
11 8
55 4
93 2
57 3
10 5
95 9
9 4
90 9
66 8
64 5
