1024
0 8
8 5
13 6
19 6
25 5
30 6
36 2
38 5
43 4
47 5
52 5
57 6
63 5
68 5
73 10
83 4
87 4
91 11
102 7
109 5
114 4
118 5
123 6
129 7
136 6
142 4
146 7
153 8
161 4
165 7
172 5
177 7
184 8
192 4
196 4
200 6
206 5
211 5
216 6
222 5
227 8
235 7
242 4
246 10
256 7
263 6
269 8
277 6
283 6
289 5
294 8
302 8
310 5
315 5
320 8
328 12
340 7
347 7
354 4
358 6
364 7
371 5
376 5
381 4
385 4
389 4
393 6
399 4
403 5
408 8
416 5
421 8
429 9
438 5
443 5
448 3
451 3
454 5
459 7
466 6
472 3
475 6
481 4
485 6
491 3
494 4
498 7
505 6
511 5
516 4
520 9
529 10
539 5
544 6
550 5
555 6
561 3
564 2
566 3
569 7
576 4
580 5
585 6
591 5
596 7
603 11
614 7
621 5
626 4
630 5
635 4
639 5
644 9
653 9
662 6
668 8
676 7
683 6
689 6
695 6
701 8
709 6
715 5
720 5
725 4
729 8
737 4
741 6
747 4
751 6
757 10
767 6
773 5
778 10
788 6
794 7
801 8
809 3
812 5
817 6
823 10
833 3
836 5
841 4
845 5
850 6
856 6
862 3
865 2
867 6
873 8
881 5
886 9
895 7
902 8
910 7
917 5
922 2
924 3
927 3
930 4
934 4
938 3
941 5
946 4
950 6
956 7
963 5
968 7
975 4
979 5
984 7
991 9
1000 6
1006 4
1010 9
1019 8
1027 9
1036 2
1038 7
1045 5
1050 5
1055 6
1061 6
1067 2
1069 6
1075 4
1079 6
1085 5
1090 5
1095 7
1102 5
1107 8
1115 7
1122 8
1130 11
1141 10
1151 5
1156 5
1161 7
1168 9
1177 5
1182 4
1186 7
1193 7
1200 4
1204 2
1206 5
1211 5
1216 5
1221 7
1228 4
1232 6
1238 4
1242 4
1246 6
1252 6
1258 4
1262 4
1266 7
1273 7
1280 7
1287 8
1295 7
1302 10
1312 3
1315 5
1320 7
1327 7
1334 7
1341 8
1349 4
1353 4
1357 5
1362 6
1368 3
1371 6
1377 5
1382 4
1386 5
1391 5
1396 7
1403 4
1407 5
1412 7
1419 6
1425 9
1434 9
1443 7
1450 4
1454 7
1461 8
1469 5
1474 7
1481 8
1489 5
1494 5
1499 4
1503 5
1508 4
1512 11
1523 6
1529 7
1536 5
1541 9
1550 5
1555 6
1561 8
1569 6
1575 5
1580 9
1589 6
1595 6
1601 5
1606 5
1611 7
1618 4
1622 4
1626 5
1631 9
1640 6
1646 4
1650 3
1653 6
1659 8
1667 4
1671 7
1678 9
1687 3
1690 3
1693 6
1699 5
1704 6
1710 7
1717 9
1726 9
1735 6
1741 6
1747 6
1753 7
1760 6
1766 7
1773 7
1780 5
1785 3
1788 6
1794 6
1800 4
1804 3
1807 6
1813 5
1818 6
1824 5
1829 8
1837 3
1840 4
1844 7
1851 5
1856 5
1861 6
1867 6
1873 7
1880 3
1883 6
1889 5
1894 9
1903 4
1907 7
1914 6
1920 7
1927 3
1930 8
1938 9
1947 6
1953 7
1960 5
1965 4
1969 4
1973 5
1978 6
1984 4
1988 5
1993 7
2000 10
2010 8
2018 6
2024 7
2031 5
2036 5
2041 4
2045 5
2050 4
2054 5
2059 6
2065 4
2069 6
2075 7
2082 10
2092 3
2095 7
2102 6
2108 4
2112 2
2114 6
2120 4
2124 11
2135 5
2140 7
2147 6
2153 6
2159 6
2165 5
2170 5
2175 3
2178 8
2186 6
2192 8
2200 5
2205 6
2211 7
2218 7
2225 10
2235 5
2240 6
2246 7
2253 9
2262 5
2267 5
2272 4
2276 10
2286 8
2294 4
2298 5
2303 5
2308 3
2311 9
2320 7
2327 5
2332 3
2335 8
2343 4
2347 5
2352 5
2357 7
2364 8
2372 6
2378 8
2386 3
2389 10
2399 4
2403 9
2412 8
2420 6
2426 6
2432 7
2439 5
2444 3
2447 8
2455 2
2457 8
2465 6
2471 11
2482 7
2489 6
2495 6
2501 9
2510 7
2517 7
2524 7
2531 5
2536 4
2540 7
2547 7
2554 6
2560 8
2568 6
2574 5
2579 5
2584 6
2590 5
2595 7
2602 6
2608 8
2616 7
2623 3
2626 8
2634 5
2639 6
2645 7
2652 5
2657 8
2665 5
2670 3
2673 9
2682 5
2687 6
2693 12
2705 7
2712 7
2719 3
2722 5
2727 5
2732 6
2738 7
2745 7
2752 6
2758 8
2766 3
2769 4
2773 6
2779 3
2782 2
2784 6
2790 11
2801 4
2805 5
2810 7
2817 5
2822 5
2827 6
2833 5
2838 5
2843 5
2848 4
2852 6
2858 9
2867 10
2877 5
2882 8
2890 4
2894 4
2898 5
2903 5
2908 7
2915 5
2920 2
2922 6
2928 6
2934 9
2943 7
2950 8
2958 5
2963 4
2967 7
2974 4
2978 6
2984 8
2992 5
2997 5
3002 9
3011 4
3015 6
3021 5
3026 5
3031 8
3039 9
3048 5
3053 6
3059 8
3067 6
3073 9
3082 6
3088 7
3095 4
3099 8
3107 7
3114 7
3121 3
3124 7
3131 8
3139 5
3144 5
3149 5
3154 6
3160 5
3165 5
3170 7
3177 5
3182 4
3186 7
3193 6
3199 5
3204 2
3206 5
3211 4
3215 6
3221 11
3232 4
3236 5
3241 5
3246 11
3257 4
3261 4
3265 5
3270 4
3274 7
3281 5
3286 7
3293 7
3300 7
3307 4
3311 4
3315 6
3321 7
3328 5
3333 4
3337 4
3341 6
3347 4
3351 8
3359 7
3366 6
3372 9
3381 4
3385 5
3390 7
3397 9
3406 3
3409 9
3418 8
3426 5
3431 4
3435 4
3439 6
3445 8
3453 3
3456 8
3464 3
3467 5
3472 7
3479 6
3485 5
3490 5
3495 9
3504 7
3511 6
3517 8
3525 2
3527 6
3533 3
3536 2
3538 6
3544 8
3552 4
3556 4
3560 7
3567 3
3570 7
3577 8
3585 6
3591 10
3601 6
3607 7
3614 9
3623 9
3632 6
3638 3
3641 4
3645 5
3650 4
3654 6
3660 6
3666 6
3672 4
3676 5
3681 6
3687 3
3690 5
3695 3
3698 7
3705 5
3710 4
3714 7
3721 5
3726 7
3733 6
3739 7
3746 6
3752 7
3759 5
3764 7
3771 5
3776 12
3788 10
3798 4
3802 5
3807 7
3814 8
3822 5
3827 5
3832 7
3839 7
3846 4
3850 3
3853 5
3858 7
3865 10
3875 9
3884 4
3888 9
3897 5
3902 5
3907 8
3915 4
3919 9
3928 5
3933 7
3940 11
3951 3
3954 10
3964 5
3969 6
3975 9
3984 8
3992 6
3998 4
4002 5
4007 5
4012 7
4019 5
4024 6
4030 5
4035 10
4045 4
4049 7
4056 6
4062 5
4067 8
4075 4
4079 5
4084 4
4088 6
4094 6
4100 2
4102 4
4106 8
4114 6
4120 7
4127 6
4133 6
4139 8
4147 11
4158 6
4164 3
4167 6
4173 7
4180 5
4185 5
4190 4
4194 10
4204 7
4211 6
4217 7
4224 12
4236 5
4241 6
4247 6
4253 4
4257 5
4262 7
4269 4
4273 4
4277 8
4285 7
4292 7
4299 5
4304 7
4311 4
4315 4
4319 5
4324 5
4329 7
4336 6
4342 4
4346 12
4358 4
4362 2
4364 6
4370 5
4375 8
4383 6
4389 6
4395 7
4402 6
4408 4
4412 10
4422 7
4429 5
4434 7
4441 7
4448 6
4454 10
4464 6
4470 5
4475 5
4480 8
4488 8
4496 9
4505 7
4512 4
4516 5
4521 9
4530 8
4538 8
4546 8
4554 7
4561 6
4567 4
4571 7
4578 7
4585 7
4592 13
4605 10
4615 3
4618 6
4624 6
4630 4
4634 7
4641 5
4646 6
4652 6
4658 6
4664 6
4670 3
4673 6
4679 6
4685 4
4689 6
4695 4
4699 2
4701 5
4706 7
4713 5
4718 5
4723 3
4726 6
4732 7
4739 4
4743 7
4750 5
4755 5
4760 7
4767 9
4776 5
4781 5
4786 3
4789 8
4797 5
4802 7
4809 8
4817 9
4826 7
4833 5
4838 4
4842 5
4847 7
4854 7
4861 11
4872 8
4880 4
4884 6
4890 8
4898 8
4906 6
4912 5
4917 4
4921 5
4926 8
4934 5
4939 9
4948 8
4956 4
4960 7
4967 5
4972 7
4979 5
4984 5
4989 2
4991 5
4996 8
5004 5
5009 5
5014 8
5022 2
5024 6
5030 6
5036 7
5043 7
5050 4
5054 5
5059 8
5067 6
5073 6
5079 8
5087 2
5089 8
5097 4
5101 5
5106 5
5111 6
5117 6
5123 4
5127 10
5137 6
5143 7
5150 8
5158 4
5162 7
5169 6
5175 5
5180 3
5183 3
5186 5
5191 5
5196 8
5204 5
5209 6
5215 6
5221 5
5226 8
5234 4
5238 5
5243 5
5248 2
5250 5
5255 4
5259 10
5269 11
5280 8
5288 7
5295 6
5301 6
5307 6
5313 8
5321 8
5329 5
5334 2
5336 6
5342 4
5346 8
5354 4
5358 5
5363 6
5369 4
5373 7
5380 4
5384 5
5389 5
5394 4
5398 5
5403 8
5411 7
5418 10
5428 7
5435 9
5444 5
5449 8
5457 4
5461 5
5466 8
5474 6
5480 7
5487 5
5492 4
5496 5
5501 10
5511 7
5518 7
5525 6
5531 5
5536 6
5542 5
5547 4
5551 6
5557 7
5564 7
5571 6
5577 3
5580 6
5586 2
5588 6
5594 5
5599 5
5604 6
5610 12
5622 4
5626 3
5629 6
5635 4
5639 4
5643 9
5652 5
5657 6
5663 7
5670 5
5675 4
5679 7
5686 5
5691 4
5695 4
5699 5
5704 4
5708 5
5713 6
5719 5
5724 6
5730 5
5735 5
5740 7
5747 5
5752 7
5759 5
5764 5
5769 3
5772 2
5774 5
5779 11
5790 5
5795 4
5799 5
5804 6
5810 5
5815 5
5820 6
5826 4
5830 5
5835 6
5841 3
5844 3
5847 2
5849 10
5859 5
5864 5
5869 7
5876 7
5883 4
5887 7
5894 7
5901 5
5906 5
5911 5
5916 4
5920 7
5927 5
5932 7
5939 6
5945 7
5952 7
5959 5
5964 6
5970 5
5975 7
5982 4
5986 10
5996 6
6002 6
6008 4
6012 6
6018 5
6023 5
6028 5
6033 3
6036 3
6039 7

513

6046
634 2
761 4
368 5
820 1
263 4
365 10
541 5
571 5
199 5
94 5
397 8
514 2
668 8
195 7
443 1
114 4
605 8
635 6
904 4
836 8
10 5
453 5
293 7
720 9
804 10
546 4
219 8
632 4
786 2
278 10
943 5
318 5
301 7
546 4
127 9
294 10
656 4
508 9
136 4
136 3
103 9
451 2
519 10
525 9
570 10
546 5
313 9
323 1
338 9
44 5
654 10
684 6
3 5
986 7
196 1
709 5
223 7
557 6
55 2
255 8
396 3
566 2
784 3
117 9
936 1
212 10
577 10
682 5
354 3
470 1
343 5
557 9
561 8
573 7
553 10
46 2
224 7
103 7
163 5
235 10
374 4
424 1
862 8
150 2
71 1
465 6
229 7
772 5
432 7
115 4
357 9
912 2
170 5
934 10
356 2
69 8
194 9
325 4
712 2
807 5
893 4
938 5
316 4
183 1
901 6
428 4
609 2
772 2
846 6
365 6
444 1
243 6
616 5
723 10
853 7
771 1
46 10
1004 1
698 1
378 3
73 5
434 1
582 3
370 4
811 4
263 10
536 10
679 2
826 9
623 7
55 10
747 5
1006 3
280 1
497 4
892 10
762 1
588 9
176 10
748 6
219 3
257 4
846 3
860 10
862 4
864 5
827 5
1015 4
701 1
442 4
632 9
723 5
916 6
745 7
593 9
887 10
893 3
270 1
488 6
778 10
821 5
506 2
550 7
230 2
180 6
90 2
627 6
254 1
321 2
766 10
837 4
845 10
894 1
831 4
79 1
923 1
946 4
816 5
149 8
550 4
145 1
684 10
916 6
941 7
929 9
66 5
882 3
411 9
398 2
424 6
633 4
726 6
697 2
824 4
833 5
972 4
546 9
601 10
638 10
990 2
713 7
572 8
656 10
419 9
741 3
947 4
316 10
641 1
179 9
239 6
542 7
927 8
839 3
291 7
714 4
965 7
90 1
994 10
663 2
477 10
620 9
925 9
727 5
809 7
506 6
91 3
62 4
656 3
79 3
100 4
142 5
345 8
506 3
546 5
827 1
810 5
913 3
200 6
387 6
406 9
578 1
943 7
618 8
469 6
391 7
896 5
222 8
529 7
486 6
55 1
265 2
499 3
512 8
580 7
964 3
1007 2
9 5
95 8
429 2
457 6
528 1
824 8
832 5
223 10
89 3
119 4
104 2
232 6
423 10
14 2
852 4
51 3
20 10
421 7
262 7
798 10
902 2
578 8
983 4
745 4
366 6
374 6
629 4
747 6
742 6
340 6
248 2
227 1
300 2
658 9
652 9
434 6
455 4
559 6
222 4
287 7
294 2
133 5
418 7
428 2
486 1
571 1
46 3
182 3
759 6
1004 8
133 6
460 7
671 10
814 6
877 8
958 9
364 10
447 1
480 8
993 1
399 9
765 9
771 9
815 10
682 6
216 8
270 6
286 5
406 7
713 4
764 9
813 7
11 2
23 10
592 5
564 7
43 1
138 8
178 10
184 6
245 5
320 6
465 2
701 7
425 8
570 5
977 2
673 3
738 4
874 1
891 6
192 2
785 2
586 9
58 7
773 1
885 3
918 8
917 5
57 7
141 6
147 8
636 8
639 1
148 10
577 9
958 4
964 8
949 5
280 7
92 5
223 8
535 8
549 10
826 6
342 4
503 7
203 2
360 7
268 3
262 3
639 2
39 4
750 7
761 2
925 8
66 10
628 4
417 7
731 1
113 1
361 3
374 6
170 1
199 2
112 2
473 9
32 5
63 10
267 9
669 9
239 3
507 10
776 8
769 6
485 2
511 10
757 3
191 2
634 5
157 5
330 10
17 8
488 1
85 3
237 6
393 6
580 7
995 5
1000 7
680 4
190 7
576 9
685 2
881 9
15 1
513 10
196 1
150 6
667 1
152 4
334 1
515 4
509 2
778 8
169 7
279 2
469 2
681 3
821 1
1014 8
1019 6
21 5
638 9
294 5
630 1
715 7
238 10
552 5
669 9
863 8
682 9
528 4
102 6
90 9
529 8
118 10
695 9
339 2
86 3
950 10
105 10
320 4
388 2
506 6
523 9
328 5
533 1
567 8
701 5
40 3
30 1
198 9
716 9
810 2
1002 9
598 8
141 7
578 7
672 6
764 1
96 10
285 10
431 5
830 1
634 5
452 7
530 6
563 3
620 2
667 1
212 7
926 9
745 6
879 2
538 6
563 10
295 7
69 3
589 2
751 4
864 9
77 3
552 2
256 3
546 6
355 10
828 6
911 1
563 8
904 10
253 10
356 7
440 10
535 5
862 1
404 7
580 10
710 8
752 4
45 3
341 7
804 3
176 2
29 2
38 1
75 9
887 8
879 6
427 6
382 1
685 1
781 1
39 3
990 10
965 8
300 9
306 7
437 8
516 3
531 5
711 2
730 10
462 6
60 5
554 8
811 7
1009 3
196 4
395 10
713 5
750 5
153 5
417 7
1 5
238 9
509 10
558 5
892 8
44 8
365 5
594 6
200 8
319 8
601 1
81 10
125 7
950 6
566 5
419 5
365 10
863 5
358 1
216 9
586 3
912 5
613 4
233 2
835 5
970 3
40 4
499 10
421 2
621 7
970 5
664 6
476 1
805 5
900 9
75 6
991 8
256 5
374 8
767 3
850 3
14 7
7 9
292 9
913 5
974 2
45 2
614 3
821 8
138 8
693 7
940 9
989 7
77 10
264 8
982 7
177 10
331 9
571 2
608 9
643 10
653 10
797 10
809 5
683 6
250 9
253 8
193 3
651 1
748 9
1018 2
265 7
209 3
480 8
838 3
500 7
607 3
166 4
625 7
881 5
756 10
889 9
280 9
699 4
783 2
623 5
112 9
307 3
368 2
493 9
879 5
139 9
411 6
619 10
65 2
110 9
323 1
961 4
227 7
376 3
209 4
477 2
615 10
64 1
445 4
510 2
346 7
625 1
432 5
733 2
859 5
980 3
2 4
135 5
341 4
490 5
748 4
853 7
129 6
16 4
661 2
447 3
460 10
642 1
836 8
887 2
968 7
687 5
862 9
688 6
258 6
544 5
600 7
12 9
649 10
176 4
193 10
280 10
454 1
76 10
197 8
191 4
234 9
690 10
817 3
45 4
402 7
426 7
928 8
555 3
857 5
311 3
303 8
346 8
371 8
442 9
481 4
531 10
885 8
931 9
516 1
769 5
351 4
547 2
645 6
304 5
860 10
596 8
584 6
699 10
613 6
534 3
700 8
168 5
756 6
635 10
434 9
135 1
872 6
96 7
811 9
814 8
426 5
442 4
613 6
615 2
728 5
930 4
817 9
1010 7
525 2
5 9
220 9
535 2
560 10
579 3
955 6
553 8
940 6
964 1
898 10
115 6
667 2
1014 4
176 2
563 2
693 7
1013 6
753 5
521 4
802 4
181 3
466 2
474 8
485 4
807 2
956 8
839 1
622 8
908 2
147 2
169 5
390 2
189 7
274 10
321 1
790 3
926 4
51 6
634 7
384 10
419 6
50 5
572 9
640 6
694 6
768 2
896 9
731 6
1009 1
145 6
594 8
629 6
999 1
114 5
124 1
832 7
247 8
884 6
940 2
950 9
7 4
7 3
1020 4
537 8
153 10
319 9
897 4
904 6
724 4
164 6
649 3
55 8
104 8
681 1
632 10
1005 9
111 9
929 10
210 1
972 5
977 3
456 1
591 3
982 2
695 9
190 1
243 7
454 9
810 8
891 2
911 7
911 2
80 7
760 1
58 6
40 5
614 4
794 7
734 10
768 7
197 9
702 9
400 9
752 3
409 1
331 4
405 8
192 3
522 5
134 6
31 1
790 8
997 6
714 9
675 6
980 3
966 10
498 9
722 8
775 8
925 5
58 8
131 2
628 10
59 10
971 5
31 8
933 9
574 8
802 4
483 5
621 7
15 2
71 6
348 4
195 7
310 10
472 3
493 3
1013 8
590 4
965 5
441 7
493 9
844 9
952 4
265 5
71 4
230 8
304 6
443 8
586 4
675 8
787 4
136 10
850 3
718 6
925 10
93 5
803 9
865 7
366 5
737 5
656 4
879 9
269 1
487 10
674 4
975 5
880 5
215 6
927 7
1010 4
511 10
760 10
785 1
713 4
345 10
322 9
353 4
448 3
286 1
68 5
617 4
827 1
248 8
290 7
283 1
655 4
419 2
874 6
170 8
958 2
658 6
934 3
360 3
1003 9
750 10
801 9
728 7
14 5
386 4
593 8
302 5
627 8
137 6
802 8
858 6
241 9
321 3
313 2
311 4
369 8
597 4
773 7
108 4
524 2
524 4
269 7
462 4
713 7
946 4
726 7
199 7
341 5
207 6
221 10
123 5
424 7
529 3
189 4
808 10
837 3
1018 5
72 7
729 4
131 5
565 2
17 5
65 1
829 6
160 8
763 7
519 4
436 9
796 9
210 2
620 2
820 1
906 9
671 7
815 10
511 7
182 3
410 10
569 8
584 4
737 5
984 6
823 10
270 10
914 6
766 9
801 8
908 6
929 4
520 9
614 1
821 6
821 10
575 6
682 5
392 4
780 4
852 9
915 2
976 1
987 2
24 10
117 4
244 3
129 2
89 2
196 1
844 7
1017 6
105 10
379 5
726 1
752 2
438 9
480 5
531 10
592 9
640 4
55 10
536 6
36 9
368 6
469 4
247 6
617 9
785 5
804 10
28 6
273 2
848 2
942 7
997 4
772 5
130 3
818 5
840 8
284 3
51 3
172 3
413 3
969 5
894 1
244 2
18 1
270 4
244 3
511 10
748 6
232 1
55 6
866 7
957 6
684 8
652 9
899 7
238 8
736 7
381 6
723 5
593 1
441 1
306 6
799 3
425 10
722 3
196 10
545 7
457 4
324 2
246 1
546 3
583 2
132 7
817 7
168 4
453 4
728 9
70 7
817 7
900 3
994 1
140 1
389 5
422 1
68 2
118 4
573 8
715 3
237 4
57 2
144 3
700 6
222 2
332 6
496 1
596 10
852 4
117 10
811 2
106 3
829 8
331 7
818 3
982 6
17 9
279 7
570 10
196 6
563 8
875 4
929 2
1016 2
2 7
150 7
421 9
846 8
425 8
320 3
282 2
583 8
664 8
785 8
849 6
10 1
71 1
93 4
176 1
194 6
187 10
241 1
499 8
819 9
952 5
118 8
143 9
630 6
1003 7
960 5
79 9
428 8
749 9
295 2
963 6
1 5
65 2
167 7
935 7
539 3
297 2
956 3
95 8
755 2
666 4
41 6
865 7
363 6
646 5
806 6
846 6
1023 10
849 6
443 3
624 4
885 7
795 6
365 2
725 10
847 2
61 2
566 2
959 4
308 2
473 7
616 9
618 2
979 1
613 1
536 4
339 2
563 1
666 6
952 2
877 4
704 6
729 8
823 3
673 2
297 6
954 10
526 7
167 6
508 10
793 8
379 7
661 9
782 8
523 5
604 3
107 3
560 5
112 4
960 3
672 10
139 1
761 4
389 8
171 2
294 3
761 9
1008 1
236 1
408 6
431 5
938 2
83 7
473 8
766 5
12 10
473 2
657 1
565 9
421 5
253 7
219 7
919 3
596 2
467 9
894 5
155 6
911 1
687 8
276 3
730 7
967 7
54 8
99 9
302 7
339 4
247 1
1015 3
416 3
543 7
364 10
762 8
1014 6
865 9
717 1
425 9
4 8
213 7
24 3
654 4
957 1
480 5
572 6
127 9
964 8
729 2
643 4
889 9
408 9
739 7
167 10
464 7
818 6
775 6
367 3
839 1
957 2
43 8
50 4
192 2
944 10
861 4
435 1
377 3
689 2
45 10
646 4
60 8
576 8
10 7
753 4
842 4
14 7
965 9
245 1
593 6
444 1
576 5
697 2
907 7
918 7
921 2
334 7
473 7
367 10
634 9
673 9
317 7
830 10
971 10
112 7
48 1
392 1
585 4
687 1
898 1
942 5
1023 2
463 6
610 1
598 3
354 7
374 4
828 3
15 7
260 9
749 3
662 6
762 10
770 3
779 1
28 2
152 8
494 9
1008 8
645 9
326 9
437 10
807 5
783 7
674 6
489 9
1017 10
302 7
45 6
183 1
337 1
99 2
537 9
329 9
665 3
746 8
354 1
264 7
118 9
835 7
875 9
988 1
14 10
275 1
341 3
211 1
485 1
993 9
295 4
384 3
927 3
191 4
69 6
802 1
893 4
564 2
74 10
94 9
185 8
718 3
572 8
66 3
886 9
36 6
349 6
844 9
393 2
496 9
949 9
957 7
164 9
196 1
755 1
419 6
328 7
667 9
503 5
869 9
887 7
427 2
822 4
385 3
19 6
710 8
140 7
815 1
176 3
183 3
389 6
591 2
182 2
484 3
816 4
224 1
55 5
342 2
369 6
558 7
663 7
550 9
347 10
456 1
188 1
517 9
756 6
770 6
815 2
975 5
135 8
216 1
179 6
755 10
602 10
573 4
664 8
962 4
992 3
48 2
158 8
657 5
838 10
299 2
533 10
961 8
382 2
976 8
793 1
492 9
106 9
715 7
640 6
664 5
297 6
523 6
787 4
879 5
384 3
919 8
365 5
509 7
642 5
912 1
929 10
842 6
719 1
436 7
477 4
670 6
106 8
213 7
87 10
329 7
482 8
738 6
848 10
29 1
842 5
356 6
711 3
384 10
588 1
623 10
795 5
355 8
11 8
374 7
384 6
834 2
86 3
102 5
307 7
749 1
394 5
449 3
24 4
482 4
902 3
116 6
397 6
968 2
411 3
642 10
509 4
331 7
657 6
771 9
229 9
901 8
694 1
415 6
308 3
264 4
686 6
695 4
812 8
936 5
968 7
531 2
922 9
279 2
524 6
806 4
871 10
62 3
46 7
757 4
295 9
497 9
625 6
745 8
22 10
0 4
978 4
515 1
993 1
105 8
234 7
436 2
260 4
593 8
367 1
529 2
636 5
716 10
107 7
152 5
548 7
778 4
43 2
643 7
934 4
655 7
673 10
932 9
981 3
66 9
463 2
342 5
528 10
661 7
763 5
784 8
894 3
532 3
268 10
268 10
61 3
401 7
566 7
166 7
154 1
577 3
421 6
950 3
173 10
183 4
637 1
27 1
54 6
343 4
377 1
413 5
520 4
914 8
986 6
927 6
599 2
724 1
831 1
361 5
913 2
845 10
579 10
433 6
688 10
180 2
283 5
417 7
1010 6
441 2
132 10
912 8
698 7
814 3
866 9
235 1
831 4
712 7
830 7
682 9
743 6
770 1
466 9
215 3
712 6
961 10
734 3
556 8
327 7
588 6
777 4
4 10
699 5
757 2
897 5
72 2
194 7
261 2
669 7
680 4
559 3
285 6
491 1
657 9
60 7
109 9
117 10
956 9
385 5
23 1
462 4
614 2
770 4
621 1
679 9
195 2
554 8
159 1
273 5
575 6
998 3
307 6
517 1
181 3
408 6
1016 3
501 7
440 2
649 4
810 10
903 7
758 5
279 6
81 10
755 1
157 1
810 5
54 5
1015 9
466 5
647 5
838 3
50 7
791 7
856 4
381 8
429 4
576 4
587 7
680 4
811 6
770 4
432 7
795 6
990 6
685 2
891 7
159 7
535 10
442 8
408 4
755 8
827 8
37 7
545 2
916 9
470 1
472 4
103 9
851 6
622 5
331 8
898 3
969 2
395 10
3 7
439 5
528 3
576 4
759 10
1022 8
50 2
73 5
686 5
210 3
5 10
447 6
590 7
889 4
890 9
84 7
262 9
236 4
525 2
198 2
411 5
547 9
644 7
904 3
428 10
368 10
588 3
817 9
987 10
1001 6
206 6
199 2
250 6
382 5
725 2
735 9
492 3
877 5
642 4
746 1
850 9
924 6
830 9
248 2
660 2
410 3
610 8
682 1
868 10
91 9
556 5
469 10
953 4
48 2
519 9
5 7
982 4
450 1
800 3
370 4
395 7
910 8
216 7
232 7
767 3
163 5
726 3
722 4
613 2
120 8
1014 4
899 7
686 9
888 7
122 5
912 6
152 6
713 7
605 1
876 2
608 9
328 8
962 4
187 6
791 7
901 9
91 7
388 2
572 6
256 7
110 3
283 6
329 8
260 3
203 2
922 10
919 5
509 5
855 1
803 7
445 10
570 9
782 5
827 1
669 8
150 10
334 1
120 3
165 4
534 6
994 6
399 10
637 1
879 1
893 7
456 8
520 8
890 2
8 9
165 2
350 3
635 10
319 3
618 3
677 6
999 9
716 9
448 8
462 10
819 8
345 8
726 4
903 3
18 4
36 10
568 3
797 3
517 3
738 9
781 6
902 4
318 3
226 7
353 7
954 8
5 5
317 3
880 5
966 5
767 7
136 9
95 8
313 3
374 9
664 5
888 1
195 3
942 8
567 4
77 4
55 6
469 8
165 3
636 2
29 2
994 9
132 1
473 7
691 8
610 10
156 9
378 6
9 1
112 1
494 7
912 6
687 5
825 3
188 2
771 1
513 10
765 6
949 5
804 4
17 4
375 4
888 8
422 1
482 5
562 3
648 7
919 3
779 9
230 9
338 8
357 9
608 3
277 7
465 4
479 3
579 4
764 7
939 7
241 7
400 2
305 8
78 5
839 10
587 8
253 7
307 8
233 9
569 2
1005 5
333 10
734 9
834 10
68 10
622 8
144 4
193 7
259 7
292 8
920 3
810 10
105 9
332 10
192 6
339 4
822 2
678 4
331 10
415 2
582 4
706 3
769 2
695 2
329 10
921 10
581 9
340 3
914 6
225 7
832 8
538 3
71 1
310 1
570 10
819 5
781 7
856 1
895 10
449 6
994 4
830 3
1013 10
682 10
344 1
710 1
745 9
232 1
512 7
9 9
326 8
932 1
530 6
791 5
77 2
204 2
216 4
332 4
743 2
421 1
48 6
516 5
333 3
463 10
89 7
167 5
114 4
235 3
857 6
61 4
245 2
267 5
657 3
996 7
424 7
406 4
270 4
13 5
522 4
390 10
506 10
489 4
518 10
606 4
644 4
772 2
804 2
336 1
453 5
395 6
622 8
662 1
678 9
881 7
156 10
315 8
601 5
40 8
808 7
901 2
113 7
120 8
461 4
868 5
719 1
870 7
998 10
246 10
602 4
458 9
994 6
848 6
150 4
818 2
752 1
1006 3
940 1
950 4
633 9
239 6
697 9
313 3
887 10
874 2
370 9
536 5
121 4
647 9
494 7
711 10
777 10
932 1
408 8
614 1
938 3
317 7
437 9
729 8
156 4
935 4
953 7
13 3
234 1
787 5
228 7
86 10
255 8
920 3
666 4
788 6
996 9
17 2
254 6
87 7
691 6
449 9
615 3
950 3
579 6
16 9
326 9
445 2
833 7
868 4
884 1
923 10
926 3
961 9
774 7
98 1
744 2
779 6
528 10
610 8
437 9
468 7
623 3
988 5
61 7
540 8
610 8
161 3
877 3
921 5
272 5
618 5
64 3
771 10
784 10
888 6
200 6
685 4
455 2
503 7
718 9
722 8
52 10
217 10
533 1
951 10
19 6
95 5
98 10
202 2
0 10
485 6
251 5
742 9
526 9
717 8
910 8
154 5
47 6
791 5
498 9
510 9
221 3
225 10
511 5
264 1
488 9
621 6
748 1
0 5
179 6
296 10
110 2
456 8
867 3
165 8
850 2
245 6
459 7
854 3
930 10
22 4
301 4
770 1
924 10
350 9
561 7
824 1
888 10
120 8
501 6
935 1
963 6
806 8
520 8
420 2
680 1
724 6
954 9
811 9
102 8
255 7
319 9
47 6
14 4
228 4
64 6
853 6
325 4
389 4
584 9
944 1
629 4
597 7
112 3
457 10
920 7
476 10
377 2
397 9
534 3
559 5
376 2
222 3
270 1
810 1
651 9
21 3
465 4
1015 2
322 6
435 6
473 2
177 5
208 7
909 3
769 3
435 10
760 3
778 10
513 10
706 10
821 9
464 9
550 6
793 2
841 2
186 6
287 8
570 5
617 4
421 7
738 2
500 8
574 5
608 2
794 2
249 2
818 1
90 1
297 5
867 9
692 5
661 7
679 2
530 9
655 1
912 9
133 10
251 3
254 10
575 4
255 6
236 3
498 5
243 3
280 5
625 4
488 6
822 7
460 5
866 4
908 7
937 10
163 4
824 3
657 5
771 4
387 6
858 6
41 6
386 6
740 6
745 1
78 2
635 7
306 2
990 1
210 8
244 6
375 4
671 3
829 6
190 5
841 5
514 10
670 9
959 8
343 10
1017 2
131 2
606 2
611 8
423 8
545 4
933 7
42 7
457 7
875 9
817 1
227 1
867 9
175 4
710 5
1013 4
240 2
69 6
550 10
394 4
878 2
888 8
393 4
256 5
93 10
293 10
344 6
401 1
672 10
509 9
301 7
435 3
816 4
11 3
553 7
445 2
464 8
777 8
938 8
1020 5
1 8
258 6
376 9
422 5
479 3
422 8
32 2
1019 5
53 9
311 10
853 3
704 10
739 8
798 6
944 1
1003 8
328 2
143 9
980 6
476 6
395 1
268 7
607 6
608 4
584 10
119 7
422 9
906 1
913 3
977 9
1007 9
798 2
486 2
780 5
536 4
945 8
960 7
88 7
678 1
473 8
815 4
571 7
631 5
763 10
829 3
144 8
756 3
781 4
642 5
631 10
724 5
342 4
41 9
745 5
1004 4
54 7
649 2
1009 7
1021 6
701 2
800 2
916 4
211 6
284 6
290 4
352 8
636 8
220 9
656 5
541 10
951 6
1007 2
144 1
664 4
613 2
430 7
299 3
172 10
963 7
435 6
550 8
586 2
880 9
981 2
995 10
32 9
258 3
640 2
111 6
725 6
295 5
542 7
1007 5
461 9
918 9
691 7
1019 4
440 10
809 4
182 3
270 5
590 8
518 5
732 9
842 2
705 1
940 4
822 3
860 7
928 9
928 6
1005 7
260 6
944 5
332 2
492 3
904 10
217 3
624 1
754 5
63 7
273 7
845 4
518 9
93 7
579 3
872 5
998 7
50 7
814 4
97 5
133 6
160 2
241 6
779 8
35 9
829 6
840 5
372 2
535 2
657 6
484 8
647 3
716 1
46 7
195 9
213 5
269 6
339 1
381 7
907 8
646 9
904 10
100 2
996 8
397 5
398 8
402 9
190 1
809 3
325 1
771 5
390 8
889 7
45 10
840 7
610 1
866 5
168 7
342 7
32 6
14 1
749 4
1011 4
56 8
187 10
195 8
562 5
218 9
805 7
512 4
694 7
698 9
119 7
125 5
874 4
643 7
458 2
796 4
893 7
90 6
832 2
702 4
242 2
436 1
556 4
810 4
198 8
296 10
822 10
18 4
50 2
429 3
881 1
44 2
287 4
428 3
812 1
847 10
627 6
409 7
652 2
702 7
211 5
938 1
81 5
713 7
517 5
754 9
963 3
16 7
288 7
667 4
113 5
806 7
894 10
733 2
809 1
272 6
756 7
453 9
455 6
795 8
21 1
124 9
709 8
782 10
49 6
527 10
627 1
696 1
222 1
378 6
410 6
395 3
379 10
777 1
171 9
264 2
252 7
427 1
905 1
353 9
359 9
91 8
230 10
508 8
650 7
440 4
725 1
177 9
688 5
938 10
293 5
555 5
831 5
897 7
1004 1
438 4
845 9
412 10
284 2
87 10
449 3
1011 2
186 1
610 5
151 7
970 5
273 2
874 10
290 8
26 4
120 9
125 4
493 3
583 8
643 7
789 3
2 1
201 3
152 8
476 5
828 8
830 1
972 4
19 1
771 8
224 1
113 4
357 2
396 2
309 10
990 1
595 7
552 6
761 3
839 6
507 7
594 5
673 7
948 6
52 1
993 2
115 3
294 6
636 9
1007 6
314 8
493 4
487 9
156 3
865 4
913 8
1012 7
257 3
335 6
440 3
356 9
944 5
301 1
479 2
590 9
496 5
567 3
847 6
909 5
968 9
472 5
7 2
578 1
806 9
673 5
82 7
591 4
669 3
3 5
344 5
189 4
433 9
572 10
500 4
520 4
713 10
960 6
630 8
993 6
140 9
117 1
465 2
363 2
433 6
612 2
772 1
49 4
624 10
246 1
368 8
139 1
734 9
935 4
312 8
491 9
591 3
669 9
822 10
827 4
848 6
188 4
376 10
391 7
481 5
44 6
546 10
617 6
347 9
886 2
544 2
426 2
780 4
657 9
895 3
855 5
369 7
1013 4
51 7
115 10
385 5
781 6
943 4
346 4
412 9
655 10
479 4
887 4
92 6
281 4
731 10
166 4
314 10
745 6
228 6
267 2
782 7
340 10
540 1
672 1
1004 3
221 7
396 8
701 3
380 9
757 5
676 3
681 3
15 6
327 4
378 4
55 2
454 2
920 5
276 9
130 2
286 5
768 8
540 7
696 10
795 2
986 7
214 9
990 10
578 1
359 7
506 7
731 3
524 6
42 6
179 4
300 10
72 2
714 10
320 8
13 1
291 1
727 9
992 2
898 6
451 5
291 4
612 6
150 3
710 6
557 6
212 8
212 2
225 7
404 8
65 9
203 7
321 7
378 2
631 2
739 10
757 3
130 8
809 6
950 2
799 2
808 2
1013 8
667 9
692 5
936 1
376 10
400 6
443 5
101 1
1018 2
763 3
493 2
112 2
38 10
252 4
505 7
659 4
593 2
1002 5
729 8
850 3
915 3
397 3
450 2
461 4
327 3
797 8
522 2
107 8
219 5
177 5
52 8
605 10
457 5
983 3
120 4
839 7
706 7
257 4
253 8
325 5
692 8
1011 2
498 2
149 5
701 6
990 4
244 3
420 8
986 9
921 5
762 3
955 5
236 1
365 6
67 2
1011 6
130 4
793 4
707 6
785 2
891 5
43 6
403 2
662 1
50 1
553 3
575 1
610 5
667 1
710 8
739 7
448 9
154 10
674 3
690 6
505 5
69 1
385 6
757 2
367 9
27 6
491 2
836 4
856 6
920 6
231 9
343 4
573 4
114 5
967 6
648 8
751 5
867 1
488 2
279 1
456 9
635 10
298 3
415 3
756 7
249 9
768 7
111 9
448 4
476 2
150 3
442 3
151 9
908 8
230 9
323 7
351 7
599 5
559 9
853 4
745 2
450 5
746 10
192 1
700 9
240 9
719 6
262 9
23 4
956 8
886 2
596 3
978 7
366 9
483 2
921 3
146 9
976 8
384 5
696 2
705 1
734 8
100 10
196 8
671 3
43 3
641 9
680 4
892 8
453 4
381 8
107 7
968 6
733 9
783 1
807 7
981 6
284 7
787 8
571 2
371 6
518 3
1004 5
899 7
537 7
834 6
61 7
984 10
363 7
241 5
761 1
997 6
1023 4
555 5
664 10
921 9
986 8
487 5
976 8
764 9
813 9
477 7
952 2
28 2
39 6
78 6
343 10
468 7
40 3
739 8
720 4
446 7
672 1
66 10
593 2
801 7
6 9
437 8
207 10
758 6
705 9
72 2
94 10
259 4
309 5
395 9
251 7
642 5
526 9
847 2
113 2
1006 3
366 9
747 9
172 7
183 10
367 5
574 9
67 10
155 10
43 8
337 7
425 4
546 2
584 6
71 10
324 10
380 10
540 3
907 2
389 10
715 7
1 2
551 4
578 9
821 6
949 8
1020 3
263 1
71 4
840 4
537 1
750 1
782 5
834 10
851 10
867 8
121 1
340 5
740 6
91 3
1000 6
316 3
246 9
431 5
283 1
518 2
978 3
417 9
343 10
413 5
517 2
501 3
803 7
969 7
976 7
171 4
990 1
609 3
7 10
300 9
1012 8
174 9
372 8
453 4
951 2
270 4
312 8
578 1
628 9
992 3
130 4
650 8
966 7
990 2
925 9
944 10
343 4
479 2
947 7
589 4
144 5
665 6
697 4
78 9
208 5
250 6
1007 8
166 2
166 4
261 6
555 2
468 6
971 9
609 2
703 1
8 9
295 2
126 2
887 1
604 6
685 1
701 4
207 7
509 9
911 1
829 10
365 9
613 2
749 10
434 10
666 4
670 5
75 4
359 10
44 1
267 10
293 3
580 4
659 10
43 7
76 8
168 3
827 3
1023 3
264 2
931 3
935 5
338 6
82 6
383 9
970 10
877 3
261 2
91 5
177 10
659 7
120 10
268 3
701 2
707 1
1009 10
776 2
248 10
364 1
78 1
705 10
887 5
889 3
123 3
311 6
960 1
376 3
994 7
127 2
290 10
420 2
60 8
87 5
178 6
204 4
904 10
350 5
22 10
403 4
707 6
136 8
233 9
502 7
1000 10
515 1
84 6
334 3
930 9
845 5
199 3
810 5
724 4
739 8
581 4
609 8
845 3
360 8
463 1
513 3
642 10
466 7
553 3
408 10
726 1
857 8
0 5
717 5
36 7
411 7
217 7
653 1
753 6
549 3
602 6
458 2
116 5
613 3
762 1
291 2
557 5
390 4
187 7
900 2
981 4
4 4
5 4
8 5
34 9
86 6
512 2
771 6
188 3
40 5
457 10
1019 5
295 9
958 3
121 2
991 3
265 7
700 8
774 1
817 9
1023 10
551 10
543 3
60 10
914 4
712 1
28 7
31 4
246 9
393 10
410 8
756 2
380 6
818 10
634 5
855 4
917 9
549 10
846 5
790 4
514 4
74 5
86 2
445 6
740 8
14 10
128 8
396 7
540 3
486 3
92 8
282 8
1008 5
642 7
119 3
439 5
504 5
524 2
1011 9
572 8
914 5
277 8
300 5
707 10
427 4
667 10
11 6
545 5
472 6
13 9
624 5
732 3
888 7
94 5
245 7
637 4
772 6
849 6
680 1
689 7
279 3
494 9
762 1
376 5
49 6
576 7
873 8
209 5
127 10
740 9
582 5
13 8
718 5
370 7
733 3
425 5
325 3
792 4
765 1
923 10
1001 10
84 10
87 8
204 1
129 2
194 8
82 3
718 5
55 7
868 1
237 2
674 1
869 6
213 9
887 6
169 2
775 7
97 5
203 2
268 7
11 2
320 4
650 3
709 5
450 3
78 8
757 5
316 3
697 2
979 8
687 6
329 2
172 8
868 5
667 4
721 5
753 5
853 4
947 9
8 10
56 5
194 10
381 5
309 9
334 10
1017 2
404 7
501 2
50 1
605 1
105 2
0 5
35 8
239 8
453 10
555 8
583 4
219 6
306 6
133 9
586 3
14 7
191 8
489 4
247 4
149 8
511 9
381 5
948 2
806 5
175 6
283 6
384 4
486 1
842 6
772 7
882 7
70 9
223 8
559 7
293 4
224 5
287 4
796 9
802 9
891 2
269 3
59 9
12 10
47 8
80 7
451 1
467 1
514 9
41 1
520 1
637 9
928 4
272 10
357 6
417 3
327 4
127 3
902 8
911 9
919 5
69 7
88 10
528 4
43 7
907 5
333 9
539 4
850 7
874 10
560 5
332 4
21 3
1011 10
572 4
764 4
442 8
195 8
188 2
862 10
122 6
375 9
401 10
172 4
512 6
598 1
766 5
939 4
227 4
638 3
976 10
57 9
99 3
572 3
410 2
152 4
590 4
608 3
966 3
287 7
328 8
788 3
24 9
296 3
638 7
277 6
254 1
85 2
522 4
743 4
737 2
659 2
711 8
953 5
151 4
413 8
450 9
294 7
586 4
602 5
140 3
244 2
452 4
456 3
912 4
55 5
632 8
734 9
177 9
598 10
27 9
163 8
186 1
224 6
264 8
478 2
507 2
823 5
808 7
95 6
981 3
134 8
446 5
618 3
899 4
906 7
445 7
709 2
601 2
806 10
834 9
869 1
122 8
214 2
497 3
948 4
1023 8
192 10
731 9
980 5
375 7
165 4
80 8
228 3
584 1
905 10
999 10
592 10
494 5
906 4
271 2
116 7
850 1
34 10
345 5
595 2
636 6
687 1
95 1
247 10
347 4
590 5
847 2
765 4
970 9
543 6
635 8
944 2
770 7
850 8
953 7
525 6
208 3
1012 2
1013 2
305 1
571 1
689 3
2 8
480 10
835 4
1016 4
390 2
343 4
859 9
108 3
401 6
642 6
636 4
641 2
666 3
858 2
305 9
327 3
401 4
105 9
586 3
684 10
381 2
654 10
519 3
844 7
524 2
18 2
539 8
665 4
228 1
322 10
359 8
360 8
441 5
486 5
299 8
423 1
941 4
917 9
390 8
881 9
829 2
844 4
650 1
1006 7
455 2
472 6
734 5
709 7
732 9
933 4
984 10
99 4
123 6
204 1
409 2
544 3
526 2
125 6
302 2
838 4
104 3
142 4
281 2
352 1
656 5
174 1
855 1
859 6
1010 4
112 10
622 4
356 3
125 2
676 4
997 5
953 6
19 5
203 9
158 4
381 4
179 9
457 6
42 8
361 5
313 3
594 3
203 2
835 4
111 10
683 6
814 3
83 2
38 9
171 2
713 4
780 3
977 6
281 1
367 6
100 7
638 3
149 7
844 4
131 8
292 5
330 8
615 4
670 9
344 8
23 7
110 5
254 10
359 3
416 1
201 4
557 5
455 10
732 8
113 1
385 4
108 7
262 6
967 10
1022 6
686 8
858 1
708 3
29 6
430 6
434 1
163 8
912 10
63 4
147 10
520 9
375 4
743 1
47 4
694 7
134 6
669 5
816 7
197 6
454 8
73 1
825 5
888 3
742 1
473 2
404 5
405 10
4 4
592 8
26 9
833 3
138 10
758 9
865 10
349 9
812 1
32 4
755 7
975 4
0 2
68 5
82 5
133 7
226 9
692 8
550 5
124 10
313 10
388 7
602 8
491 10
2 6
59 8
321 2
408 8
601 6
607 4
447 9
264 5
270 1
558 4
578 9
771 8
311 1
792 5
73 9
585 3
588 7
621 3
742 5
34 10
708 2
59 1
62 2
802 9
682 7
806 9
250 6
411 2
798 2
177 4
133 6
953 7
878 4
36 1
499 9
909 6
607 2
683 5
298 4
405 5
509 5
540 10
554 7
607 6
115 1
258 10
698 10
251 5
715 10
841 1
220 4
266 7
426 7
105 10
442 7
761 10
678 4
780 1
818 9
912 3
1014 5
295 7
343 4
716 5
230 9
121 6
1013 4
920 7
935 9
223 4
421 9
714 10
200 5
884 7
744 2
865 10
351 9
689 2
420 3
1002 10
286 5
699 7
801 6
921 9
325 7
490 8
756 10
760 6
871 9
117 10
284 4
406 2
137 3
655 4
438 7
521 8
567 3
611 1
889 2
667 1
968 1
106 1
377 9
864 9
842 9
851 10
926 6
1008 7
49 9
185 9
873 5
430 2
543 1
105 10
976 5
219 4
763 2
608 10
887 9
9 10
266 7
461 10
649 4
383 1
847 9
159 4
677 4
6 4
35 10
40 3
154 4
408 5
614 5
869 6
684 4
825 3
870 9
248 5
259 6
342 3
386 5
420 6
458 9
1002 10
279 9
212 1
49 9
161 6
795 2
895 10
531 7
528 10
832 5
477 4
589 2
704 9
893 9
954 6
969 10
299 2
696 5
777 8
924 8
722 10
115 2
208 9
383 7
862 9
267 7
486 1
688 3
787 10
229 6
344 1
695 4
775 6
985 6
38 2
798 4
245 7
878 10
101 6
250 5
409 4
504 10
247 8
1007 7
319 5
195 8
681 3
233 3
903 9
609 4
522 6
867 7
200 4
355 4
527 4
607 3
204 6
720 6
937 7
71 1
83 1
129 2
241 9
432 4
556 10
569 4
650 1
891 6
475 9
486 1
1 8
862 9
813 8
66 9
74 9
279 7
310 8
452 3
456 9
629 5
704 2
789 4
992 5
527 5
622 9
252 6
389 9
971 8
172 7
389 3
499 3
51 10
925 5
1020 10
81 6
395 10
507 1
728 2
821 6
463 1
209 10
787 6
838 6
206 2
226 9
266 10
451 5
889 10
446 7
56 3
722 3
231 6
487 3
564 1
772 8
154 4
1021 6
152 8
145 6
894 2
941 10
732 5
615 4
464 3
892 3
832 6
313 6
655 4
886 5
757 5
959 3
332 4
404 1
643 4
344 9
825 3
829 10
988 5
282 9
383 2
757 2
22 2
846 3
70 4
279 4
287 4
372 1
499 4
558 1
138 1
464 3
664 3
905 10
72 3
54 6
175 5
336 10
639 7
12 5
74 9
275 9
299 1
706 2
916 3
106 6
641 5
619 6
926 8
185 8
608 10
656 4
31 10
9 6
910 5
769 6
289 2
363 4
70 2
90 1
525 1
976 5
294 5
626 8
303 9
260 6
892 10
116 5
215 8
601 1
227 1
568 6
323 5
769 7
986 9
116 6
662 3
272 10
438 5
605 3
647 2
222 2
558 7
796 1
487 6
755 6
118 10
786 1
356 6
412 7
859 4
321 8
897 3
828 1
383 5
634 8
482 8
865 2
894 3
475 5
129 7
104 7
260 1
629 7
425 7
133 6
76 9
140 9
333 2
260 4
662 4
946 8
716 6
922 1
660 5
466 10
498 2
434 1
886 3
947 3
33 2
349 9
568 2
897 6
522 4
224 2
737 4
21 1
274 7
642 10
425 9
817 1
755 3
278 5
122 10
109 4
647 7
700 3
864 3
123 8
192 6
496 9
548 8
699 3
892 9
934 6
948 4
26 1
407 2
464 3
483 6
532 2
55 7
785 5
525 4
78 5
973 1
977 9
143 9
427 4
748 9
766 2
430 7
841 5
524 1
849 8
822 6
205 6
669 2
739 3
399 10
659 9
919 8
414 1
533 10
498 1
508 9
842 5
943 3
950 8
380 10
481 7
682 2
820 9
332 3
532 1
556 10
485 6
536 6
900 4
791 6
626 3
922 7
638 2
10 5
434 8
567 5
595 2
612 7
762 2
823 6
955 2
715 7
860 9
243 8
337 1
472 6
88 8
902 8
392 5
486 8
254 3
351 10
91 2
589 8
784 9
871 6
275 7
17 2
549 1
775 10
276 6
754 4
884 6
35 7
93 5
156 4
305 7
431 7
620 4
54 4
166 7
751 7
453 10
717 4
792 2
145 9
469 10
646 10
37 4
983 1
191 3
250 7
514 7
73 7
709 7
642 10
79 9
314 9
264 10
644 5
695 6
420 1
218 1
541 5
365 8
713 4
153 6
238 3
561 5
363 9
563 5
252 1
991 9
496 6
346 1
740 7
872 10
1018 2
506 4
666 6
3 9
851 5
569 5
859 1
723 5
744 4
187 3
302 4
660 10
363 8
146 8
673 3
727 2
931 2
186 5
721 5
899 4
985 1
26 5
19 10
890 6
137 4
373 6
539 4
271 1
1009 8
758 3
405 5
411 6
438 1
297 2
202 10
817 5
167 7
177 1
302 3
541 1
315 4
32 6
846 1
39 5
470 9
735 7
722 2
672 2
125 5
162 7
189 9
169 4
220 2
353 8
205 8
478 8
215 7
91 10
750 3
884 8
1010 7
64 1
134 6
462 10
468 3
859 1
596 9
840 2
624 8
676 5
557 3
612 9
413 9
1006 9
561 3
113 2
500 9
432 2
142 10
277 3
456 9
592 9
612 5
329 9
498 8
928 4
870 6
899 1
905 1
910 2
727 7
297 9
815 2
843 3
185 7
768 8
154 5
589 2
172 5
954 8
855 8
697 4
381 2
56 4
253 6
316 9
797 1
506 8
539 8
704 3
399 8
486 7
220 7
473 10
874 2
516 6
552 8
560 9
719 7
387 6
751 10
914 4
35 3
962 10
983 4
818 4
897 1
48 6
365 9
631 1
638 5
944 5
919 5
776 4
339 2
589 4
629 1
774 6
275 6
976 6
721 4
646 2
358 2
906 6
27 7
47 4
337 9
406 5
495 2
462 6
262 8
83 6
387 1
800 5
496 10
298 1
233 8
759 2
777 10
978 3
979 8
23 5
48 6
916 9
510 9
971 6
24 6
183 6
702 9
863 7
114 4
367 1
106 9
198 9
229 3
256 1
424 4
526 10
861 5
758 5
93 5
162 10
730 3
772 4
515 1
62 7
713 7
740 10
895 7
85 4
490 5
862 2
774 9
784 8
931 3
1003 4
177 2
348 1
925 8
88 4
143 3
952 7
130 5
543 6
569 5
223 4
1004 4
416 5
431 9
712 4
944 2
856 5
200 2
241 1
247 10
290 8
690 6
698 3
633 7
285 1
109 10
405 3
433 7
492 7
550 2
123 6
246 6
648 10
68 3
262 4
464 5
488 2
677 5
679 2
278 2
567 5
473 3
285 5
508 6
724 3
749 5
632 9
902 4
1009 7
51 6
746 2
760 1
293 10
141 1
759 1
379 3
648 6
155 10
0 4
210 4
643 10
503 1
445 3
62 2
210 9
774 10
796 1
24 1
544 1
559 1
709 2
484 3
217 8
229 10
799 5
476 3
654 2
404 10
997 10
170 7
267 5
876 6
941 7
81 1
505 9
583 4
54 9
327 7
886 5
793 1
812 4
324 6
602 4
562 1
945 2
53 9
824 1
1002 9
212 5
702 2
584 5
173 9
29 10
768 2
102 3
302 3
318 7
907 1
466 8
736 8
766 2
142 7
826 5
133 2
492 7
67 6
121 5
379 3
684 6
687 7
332 2
782 10
281 4
288 4
370 1
603 7
246 6
229 3
275 1
20 1
324 1
386 4
422 5
444 8
546 6
637 8
998 4
259 9
53 9
361 10
886 9
914 7
16 5
181 5
455 1
558 6
575 7
674 8
750 4
18 2
788 1
343 2
57 1
165 7
1011 1
358 7
548 1
743 6
761 10
926 6
751 9
221 6
565 7
712 10
146 8
662 6
1003 2
67 8
532 2
742 4
862 9
278 4
352 10
660 8
746 10
802 2
435 1
396 8
72 8
265 4
903 1
27 10
379 10
326 9
359 6
419 8
878 8
229 1
942 2
403 5
458 4
643 1
786 5
620 3
175 4
335 7
405 4
316 6
460 6
874 4
90 1
208 8
310 5
434 10
463 7
515 5
769 10
231 7
109 2
500 1
362 10
711 9
11 3
751 8
267 8
823 3
57 2
701 5
195 8
179 5
485 2
155 1
4 2
780 5
690 1
927 3
354 5
501 8
662 10
250 4
672 6
152 4
772 1
587 3
355 6
864 7
442 3
669 4
145 8
551 4
132 3
875 10
934 7
287 7
306 7
366 5
708 6
338 5
867 10
803 10
562 4
637 5
834 8
979 3
713 2
249 1
485 4
764 1
207 8
380 2
142 7
833 10
381 2
202 6
658 2
466 2
288 6
433 8
254 5
171 9
761 1
689 1
426 4
576 9
885 10
927 7
316 3
479 8
105 10
738 1
403 2
640 2
663 4
46 10
399 6
849 10
855 7
187 3
474 2
762 5
926 10
886 9
301 3
407 2
745 5
919 4
815 9
162 9
507 7
173 8
647 6
820 3
820 1
991 3
130 4
149 4
164 8
237 1
639 9
777 2
576 9
997 5
916 5
309 7
791 10
153 9
518 7
999 10
89 3
325 4
344 2
3 10
179 10
425 7
101 5
836 8
372 8
432 7
451 9
595 10
574 5
639 9
261 4
200 6
17 5
130 2
230 5
500 7
987 1
345 7
475 2
168 10
593 7
1013 2
952 7
962 8
39 7
422 3
433 1
474 6
412 4
957 8
105 5
976 4
41 5
286 5
331 10
377 1
539 5
427 4
140 8
284 10
79 2
22 4
125 9
193 2
373 9
92 7
287 6
855 1
633 1
429 1
260 8
764 4
861 2
505 9
668 8
54 7
925 4
125 8
418 4
274 3
619 3
51 6
172 10
404 4
735 2
246 2
243 1
800 9
53 10
31 5
629 7
244 4
395 4
1012 2
839 5
883 7
126 9
189 7
190 7
698 1
725 5
548 9
296 9
118 3
391 1
924 5
970 5
181 5
221 6
348 2
382 1
550 10
741 4
643 9
193 3
315 8
196 9
334 5
943 3
0 1
706 9
801 3
801 1
171 1
974 3
104 8
175 10
380 9
672 6
27 5
174 6
72 1
514 6
332 2
385 7
414 3
428 10
242 4
703 6
456 10
1015 10
173 10
593 5
709 6
931 2
784 3
205 3
33 4
371 1
386 3
44 8
765 1
630 5
656 3
323 3
678 3
768 5
60 6
950 1
862 4
22 9
26 5
158 1
310 1
529 3
290 8
40 1
456 4
914 6
691 1
228 3
86 6
443 8
1008 10
170 6
193 8
389 6
419 6
526 10
611 2
404 3
678 10
967 2
275 7
299 9
336 3
81 1
996 3
226 10
443 1
985 3
30 4
275 4
271 1
439 5
135 7
334 8
427 2
659 5
676 6
941 3
44 5
632 3
794 10
33 5
357 7
911 10
330 10
792 8
515 10
502 6
255 2
595 9
1005 6
619 4
1022 4
605 4
99 5
234 7
3 8
805 8
488 4
115 8
995 7
168 3
29 4
107 3
248 10
672 6
286 3
613 4
37 3
131 1
328 10
446 6
481 7
816 5
221 1
944 4
181 8
423 7
515 4
731 2
419 5
389 5
380 2
642 1
702 5
875 8
252 6
254 5
575 6
651 9
705 5
413 2
223 4
890 9
852 4
735 3
240 9
609 7
611 4
151 9
176 7
621 4
272 10
417 4
440 9
538 5
29 10
539 3
25 3
195 8
551 5
726 1
679 3
200 6
18 6
509 2
602 2
655 9
429 10
202 2
450 6
913 7
180 2
253 10
456 6
347 6
201 6
558 6
703 8
798 10
195 6
153 3
369 2
581 7
600 1
102 3
298 9
603 8
478 3
292 6
996 2
720 5
515 10
651 10
853 1
46 4
843 4
192 4
175 9
918 9
1018 5
20 7
399 3
495 4
374 6
851 1
114 7
569 4
876 3
890 6
369 3
309 1
459 5
737 8
811 1
550 4
798 7
614 1
951 7
287 4
335 1
754 5
488 6
541 8
341 6
928 3
119 5
1002 10
164 6
387 6
626 1
607 2
882 2
606 9
691 4
721 1
731 1
113 5
614 6
25 10
122 10
414 7
709 9
865 7
968 3
222 4
749 5
812 2
956 5
25 4
88 1
116 9
661 9
668 9
751 2
776 9
826 4
583 10
14 8
74 8
98 5
748 7
1005 8
864 10
990 3
651 9
788 7
863 10
85 9
699 3
25 5
951 5
200 7
218 9
692 2
860 7
632 10
153 7
646 10
448 4
184 7
274 9
385 4
423 5
392 9
491 1
791 10
515 8
382 9
665 7
368 3
346 5
564 1
569 5
944 6
299 10
357 4
242 9
656 6
564 6
595 1
899 10
656 9
734 6
346 7
261 10
648 9
711 6
124 6
719 10
417 5
1006 2
1002 5
652 5
559 8
972 5
879 1
915 3
160 6
350 2
426 4
581 10
781 4
56 1
739 2
441 10
391 9
790 10
234 9
194 4
841 8
305 2
853 3
1000 1
763 6
930 7
1001 4
52 8
205 4
298 5
530 3
360 3
959 5
779 8
663 10
640 4
393 2
943 5
90 6
111 5
154 9
251 5
312 1
873 1
83 2
917 7
155 5
318 5
923 9
410 9
611 9
428 1
70 9
108 5
344 7
32 3
858 2
575 7
925 7
909 7
998 8
816 7
646 7
357 1
135 6
730 8
712 6
57 3
201 7
120 8
796 10
239 9
458 2
497 2
677 5
764 5
799 9
696 3
963 6
771 9
1019 4
27 10
90 8
242 7
350 10
525 1
565 6
654 9
461 4
115 2
533 5
934 3
325 8
362 6
371 10
394 8
319 1
557 7
630 3
303 7
109 9
220 9
423 7
650 2
673 10
294 4
533 3
842 9
854 6
723 6
312 2
976 9
294 9
289 7
667 6
485 5
56 6
576 2
140 2
94 8
676 3
700 9
499 8
686 10
23 10
27 3
237 4
312 7
962 10
17 4
426 7
659 9
945 5
30 1
182 1
432 10
692 3
267 3
675 2
214 5
895 1
335 10
658 10
751 7
458 3
894 1
133 9
42 5
691 3
697 6
136 4
278 5
741 1
439 7
471 6
227 1
292 3
128 10
185 7
303 7
502 7
723 4
869 10
594 4
734 1
989 4
190 3
707 4
545 2
101 9
18 6
260 8
306 9
1006 2
345 2
317 4
710 8
758 4
46 2
257 3
579 8
665 9
778 1
284 7
315 3
87 10
421 10
536 10
415 10
295 3
136 6
2 4
598 10
681 10
436 1
734 1
402 1
599 4
594 7
744 6
171 9
421 8
513 2
767 1
580 5
224 7
131 2
385 7
173 6
493 8
379 3
641 6
882 7
450 5
983 2
684 5
365 8
301 8
913 3
734 2
966 10
979 10
1021 3
215 1
526 1
833 10
140 7
86 1
579 9
140 2
17 2
99 5
274 8
304 6
323 6
591 4
251 1
383 9
643 3
627 10
41 3
272 2
402 3
910 3
103 5
448 8
847 7
173 6
271 8
549 4
741 4
771 7
333 6
827 6
555 5
980 1
478 3
175 2
997 10
873 3
996 1
291 9
747 9
802 5
407 4
26 6
31 6
682 3
1015 6
58 5
879 7
550 9
610 9
412 9
852 9
57 8
224 7
947 8
214 3
251 8
309 5
704 8
742 5
800 4
579 5
325 3
331 3
355 3
376 7
489 6
465 5
645 7
333 10
484 5
498 3
224 2
647 9
360 5
504 9
261 9
308 10
708 7
970 9
695 1
880 9
357 10
30 1
562 10
370 10
660 8
298 6
817 5
982 6
63 8
153 10
671 5
752 8
882 7
38 9
813 4
146 5
521 9
992 10
83 9
774 6
799 10
132 4
683 8
651 6
357 3
37 8
155 7
271 6
786 3
236 3
796 7
1001 7
119 8
734 4
857 3
414 9
578 4
414 6
32 9
139 10
174 4
194 2
251 10
126 4
538 9
876 7
369 10
969 8
973 2
121 9
823 2
751 3
722 2
529 3
338 1
352 1
965 1
266 9
149 9
390 7
953 9
612 4
1005 5
1020 5
17 10
161 3
266 4
700 6
790 7
887 3
973 6
199 7
456 4
529 5
371 1
645 9
353 4
993 5
12 1
260 5
475 1
944 9
947 8
995 3
385 10
666 7
1017 7
211 2
431 1
352 3
396 8
17 5
438 10
327 7
584 4
128 6
414 4
135 2
104 9
348 1
965 7
610 4
832 3
763 7
31 7
675 10
320 8
779 2
180 7
996 8
227 5
5 5
819 3
460 4
878 5
705 3
41 7
222 10
375 1
415 5
449 5
603 2
742 5
754 2
868 6
936 9
521 10
839 4
399 1
765 2
403 8
1017 5
893 5
695 8
30 4
166 4
522 7
918 8
569 9
35 4
696 3
936 8
574 2
596 4
700 4
446 6
60 5
324 5
514 8
240 9
77 10
96 6
349 4
474 2
826 1
269 3
356 3
705 8
135 9
520 2
864 5
364 10
855 7
408 6
152 4
752 7
808 7
196 5
505 2
204 2
300 4
616 6
640 7
933 9
353 7
603 7
589 5
207 10
373 9
737 8
659 6
317 8
709 2
484 5
1023 2
127 6
280 9
497 8
861 5
199 3
980 3
130 8
983 2
185 6
219 1
809 8
240 7
221 2
52 9
547 3
59 4
160 2
203 4
877 5
389 8
677 3
209 3
534 1
197 5
403 7
453 6
112 4
248 8
357 9
276 10
741 10
893 10
808 8
247 4
305 4
372 6
410 7
886 6
431 3
198 6
1016 3
128 1
220 8
993 6
43 3
59 8
91 8
151 5
224 9
932 1
37 7
940 7
146 10
318 5
521 7
586 3
910 10
490 6
215 7
829 2
625 10
1000 6
116 7
258 2
500 6
450 9
650 1
860 3
260 7
182 5
292 2
518 7
659 10
930 8
101 5
441 5
530 10
602 9
922 9
817 5
99 3
148 5
524 9
670 8
226 10
747 6
139 5
873 5
33 4
443 4
985 7
701 1
930 2
934 6
103 2
820 3
246 5
633 4
154 5
984 6
999 8
249 8
498 8
505 8
585 10
653 5
743 6
890 9
685 5
518 7
809 4
175 1
56 2
139 3
620 6
701 9
402 9
263 4
517 3
746 3
497 7
204 1
568 8
792 3
910 10
746 8
146 3
400 6
956 3
596 5
914 1
113 3
594 3
266 3
545 4
410 2
500 6
105 7
140 2
301 4
193 6
924 6
47 4
481 3
714 1
741 4
909 2
956 2
503 10
975 6
612 10
172 6
723 1
972 7
830 3
662 6
1013 3
10 7
271 6
484 9
466 7
504 8
687 9
296 10
807 1
175 2
359 5
678 5
234 1
104 7
899 4
91 10
289 6
445 1
467 10
519 1
521 2
863 3
483 4
388 1
34 2
102 8
719 9
801 3
547 3
1014 3
471 2
669 5
925 10
520 3
247 3
53 1
236 9
447 2
454 6
964 6
263 1
935 5
38 10
190 1
311 6
321 9
347 6
534 7
335 4
69 5
410 10
936 3
836 7
342 7
830 3
851 2
942 8
355 9
915 1
421 8
145 6
763 10
802 5
915 10
180 4
503 6
615 5
283 3
771 4
883 8
346 10
417 7
598 10
803 10
134 1
313 9
975 8
537 10
876 1
967 6
516 6
69 7
562 10
876 4
927 7
296 6
478 5
647 10
657 10
857 10
872 5
765 9
79 9
197 7
161 9
751 4
399 8
775 2
51 8
406 4
502 5
753 4
20 1
439 1
463 3
329 5
863 8
834 6
138 9
933 5
414 7
23 3
348 3
510 3
872 2
901 2
732 9
611 7
403 9
523 8
664 7
447 6
43 2
408 2
411 5
230 8
554 5
210 1
828 10
651 7
134 1
532 10
724 8
758 7
92 3
406 7
126 7
155 4
273 6
614 4
730 7
485 6
555 9
773 1
482 2
582 10
424 4
440 2
604 2
816 2
519 8
448 7
130 6
336 10
475 8
604 2
645 4
808 2
150 8
985 3
392 4
459 4
129 4
218 6
303 4
644 5
991 3
72 8
26 4
286 9
378 2
916 6
822 10
216 3
284 3
194 2
605 4
963 3
390 2
945 5
570 2
176 6
937 7
231 10
476 2
168 5
106 2
719 2
852 5
398 5
412 4
546 5
72 6
886 4
136 4
671 10
396 5
514 3
933 5
674 6
406 6
910 3
835 4
625 6
293 8
201 10
228 2
529 3
596 8
955 2
548 10
503 4
