400
0 9
9 5
14 6
20 8
28 8
36 3
39 4
43 6
49 9
58 7
65 4
69 5
74 5
79 3
82 6
88 10
98 5
103 7
110 4
114 5
119 6
125 4
129 7
136 5
141 4
145 6
151 5
156 8
164 6
170 6
176 6
182 7
189 5
194 7
201 2
203 3
206 6
212 7
219 3
222 9
231 6
237 11
248 7
255 5
260 3
263 7
270 7
277 5
282 6
288 10
298 4
302 5
307 7
314 8
322 5
327 9
336 7
343 8
351 8
359 5
364 6
370 6
376 9
385 6
391 8
399 2
401 5
406 6
412 2
414 2
416 7
423 5
428 6
434 8
442 10
452 6
458 7
465 3
468 4
472 3
475 5
480 9
489 5
494 3
497 7
504 8
512 4
516 5
521 10
531 9
540 5
545 4
549 4
553 9
562 6
568 4
572 4
576 7
583 6
589 5
594 3
597 9
606 6
612 7
619 8
627 5
632 4
636 4
640 5
645 9
654 5
659 3
662 7
669 7
676 6
682 7
689 9
698 4
702 5
707 5
712 8
720 5
725 5
730 5
735 7
742 3
745 7
752 8
760 8
768 6
774 7
781 4
785 9
794 4
798 6
804 6
810 4
814 8
822 5
827 5
832 6
838 7
845 3
848 5
853 5
858 8
866 4
870 3
873 6
879 4
883 6
889 7
896 7
903 7
910 9
919 5
924 4
928 4
932 4
936 6
942 7
949 7
956 6
962 8
970 7
977 5
982 6
988 7
995 8
1003 8
1011 3
1014 5
1019 7
1026 9
1035 7
1042 8
1050 6
1056 6
1062 6
1068 8
1076 5
1081 11
1092 3
1095 11
1106 2
1108 4
1112 6
1118 5
1123 6
1129 7
1136 7
1143 11
1154 5
1159 4
1163 9
1172 8
1180 8
1188 4
1192 9
1201 6
1207 4
1211 6
1217 7
1224 3
1227 4
1231 6
1237 7
1244 5
1249 6
1255 7
1262 7
1269 5
1274 7
1281 6
1287 7
1294 3
1297 7
1304 9
1313 4
1317 9
1326 7
1333 6
1339 6
1345 9
1354 10
1364 5
1369 7
1376 7
1383 7
1390 6
1396 5
1401 4
1405 5
1410 3
1413 5
1418 8
1426 4
1430 11
1441 7
1448 7
1455 4
1459 7
1466 4
1470 5
1475 8
1483 5
1488 7
1495 10
1505 6
1511 7
1518 9
1527 7
1534 7
1541 2
1543 6
1549 3
1552 7
1559 9
1568 7
1575 3
1578 4
1582 8
1590 4
1594 10
1604 3
1607 7
1614 9
1623 3
1626 6
1632 7
1639 6
1645 5
1650 8
1658 6
1664 10
1674 3
1677 3
1680 8
1688 6
1694 3
1697 6
1703 6
1709 8
1717 9
1726 7
1733 6
1739 5
1744 11
1755 6
1761 6
1767 6
1773 6
1779 8
1787 6
1793 5
1798 3
1801 5
1806 4
1810 7
1817 9
1826 5
1831 2
1833 4
1837 4
1841 8
1849 3
1852 6
1858 8
1866 7
1873 4
1877 5
1882 2
1884 8
1892 11
1903 8
1911 7
1918 7
1925 5
1930 5
1935 7
1942 7
1949 6
1955 7
1962 3
1965 4
1969 5
1974 3
1977 7
1984 8
1992 6
1998 5
2003 5
2008 7
2015 6
2021 5
2026 5
2031 6
2037 6
2043 6
2049 6
2055 4
2059 4
2063 4
2067 3
2070 8
2078 8
2086 5
2091 5
2096 5
2101 4
2105 4
2109 9
2118 4
2122 4
2126 4
2130 7
2137 5
2142 5
2147 8
2155 6
2161 5
2166 6
2172 10
2182 4
2186 7
2193 5
2198 7
2205 7
2212 4
2216 6
2222 9
2231 2
2233 5
2238 5
2243 5
2248 6
2254 6
2260 4
2264 5
2269 9
2278 4
2282 6
2288 4
2292 7
2299 5
2304 6
2310 3
2313 5
2318 6
2324 7
2331 9
2340 9
2349 6
2355 3
2358 3
2361 3
2364 2
2366 8
2374 8
2382 4

23

2386
288 6
180 10
15 7
17 1
19 9
49 9
74 10
111 2
150 3
4 2
172 4
53 4
60 2
127 6
73 2
6 4
262 5
21 7
37 1
300 2
358 1
153 4
27 4
30 2
37 8
126 8
201 1
344 1
1 2
274 10
320 5
247 6
222 6
51 1
240 9
383 5
192 1
135 9
297 10
2 4
161 5
67 2
169 9
391 8
8 4
52 8
10 6
12 4
161 7
7 4
306 8
308 4
344 1
125 7
222 3
299 9
319 10
325 2
177 7
347 6
136 9
11 9
221 5
326 10
362 10
7 6
214 7
334 4
366 3
304 6
384 5
9 9
279 2
348 1
7 4
186 6
131 4
114 1
234 2
298 6
287 4
398 7
327 9
242 10
227 2
212 9
237 7
371 9
0 7
109 8
265 7
358 5
113 8
98 8
106 7
222 10
273 9
374 8
297 10
348 9
108 1
219 7
231 6
0 1
376 4
78 9
168 10
188 9
273 9
293 5
365 3
108 2
162 9
69 1
47 6
0 9
135 8
26 4
195 6
318 4
39 1
112 1
176 4
212 3
232 2
364 9
2 7
224 4
142 6
355 8
216 5
33 8
261 7
42 10
283 4
387 4
217 6
150 3
104 2
240 3
140 8
199 2
163 3
177 10
268 10
103 7
168 3
263 6
118 3
283 5
288 8
19 4
189 6
252 8
68 2
98 7
280 4
393 7
3 4
250 8
79 4
204 9
325 10
370 8
292 9
167 6
358 6
64 8
87 4
96 3
379 7
390 5
319 8
62 7
349 9
397 4
208 2
3 2
291 1
39 6
148 9
225 6
247 5
210 3
362 8
168 6
178 1
190 10
317 3
118 8
212 4
226 9
177 9
245 6
22 8
39 5
119 4
203 2
126 7
342 9
385 10
191 7
378 8
337 3
244 5
253 6
272 1
128 2
330 7
54 7
93 7
303 9
3 8
2 1
287 1
67 2
80 4
189 6
310 1
76 2
195 2
273 4
20 1
33 5
113 8
30 6
362 7
391 5
147 3
183 10
215 8
263 5
276 5
256 7
167 6
274 7
358 7
281 9
109 3
260 7
381 3
72 9
124 4
152 8
203 6
351 9
379 1
394 5
160 5
22 10
104 6
158 7
295 1
381 3
384 2
58 7
293 6
46 4
173 7
319 2
85 7
290 7
217 3
220 7
244 4
117 1
338 1
126 4
215 8
315 9
365 4
333 6
43 4
219 2
202 1
208 5
318 1
19 6
369 1
237 4
267 4
323 5
64 5
131 2
312 1
142 4
176 4
303 5
243 6
0 9
271 7
178 2
148 6
247 2
251 4
300 5
304 2
345 2
389 6
208 7
244 3
382 9
4 1
93 4
320 1
167 9
308 9
7 8
217 8
357 10
390 8
70 7
80 10
365 6
1 4
351 10
191 8
99 10
256 6
99 2
248 2
380 4
54 5
54 5
36 7
152 7
399 4
234 2
157 5
190 1
122 7
134 4
163 4
210 8
355 2
377 1
196 7
88 8
181 1
264 8
149 6
181 9
392 5
347 2
242 3
90 2
258 1
139 9
174 4
269 3
297 4
43 7
141 4
231 4
74 4
240 8
301 7
331 2
366 3
254 3
383 4
126 2
278 6
191 5
1 2
390 7
250 10
243 2
249 9
262 9
345 3
67 8
120 2
198 10
170 5
324 4
375 8
312 2
62 5
62 5
29 7
72 6
230 8
313 7
368 5
248 5
199 4
101 5
91 2
296 4
372 6
48 5
153 6
28 8
101 9
113 5
173 5
216 9
246 8
391 3
315 4
115 8
195 6
277 10
167 1
283 4
6 2
61 8
318 6
37 2
198 7
284 2
359 8
26 2
94 1
18 1
152 1
390 2
207 10
52 7
219 5
230 8
303 3
108 7
388 2
116 9
268 9
327 3
337 9
62 6
332 3
41 9
289 10
341 4
2 2
115 6
224 5
329 7
88 1
226 6
357 7
362 4
58 4
0 10
158 4
246 2
122 2
132 10
205 4
214 3
224 9
327 9
194 2
214 9
107 3
153 4
179 9
371 8
38 2
375 3
235 5
245 3
196 1
212 4
332 1
281 1
186 3
312 7
17 9
102 1
107 1
82 5
27 4
338 9
331 3
307 2
105 4
37 4
52 10
375 2
336 9
274 5
177 2
379 10
144 3
239 6
320 8
340 8
387 9
280 1
78 5
211 3
231 6
367 4
145 6
256 1
132 4
258 9
137 8
246 5
129 3
87 10
211 5
216 9
44 7
104 9
214 1
361 7
202 7
206 10
348 4
358 9
330 1
230 5
270 4
184 4
287 6
237 5
28 4
84 10
197 5
56 8
73 1
97 7
398 8
152 2
317 10
108 6
109 3
199 6
309 4
185 4
120 10
125 5
96 8
192 7
214 3
307 4
386 8
387 7
57 2
344 2
349 1
221 9
218 8
235 1
206 6
63 2
114 5
180 3
349 10
198 4
270 8
51 4
296 1
370 10
155 4
36 7
117 3
204 6
272 5
290 4
69 1
128 5
283 3
313 9
99 8
144 5
298 4
375 5
194 9
198 9
28 3
89 8
282 8
327 5
88 7
346 4
169 1
140 4
239 8
219 3
366 9
284 8
15 8
26 7
181 2
270 5
342 3
53 10
94 8
53 2
196 5
313 9
388 6
232 6
325 6
63 5
64 9
315 6
372 1
122 10
187 3
190 3
195 9
360 7
78 1
181 10
130 5
206 1
380 8
391 5
25 7
373 1
224 3
222 2
168 4
289 1
383 3
23 2
85 9
257 8
42 6
201 4
145 3
155 2
341 1
80 4
134 9
128 7
164 8
241 10
147 7
308 5
15 7
293 10
78 1
75 3
109 10
143 5
16 1
18 2
71 7
145 4
88 6
15 8
41 3
107 10
151 1
209 1
88 3
181 8
220 1
320 7
159 3
351 2
398 10
205 8
291 1
336 10
369 10
0 2
278 6
148 1
239 9
20 1
163 5
175 5
350 3
15 8
39 8
160 7
331 9
247 3
64 5
335 2
283 9
12 1
91 5
310 10
309 2
318 3
66 8
73 6
398 10
335 5
355 3
358 10
247 6
71 9
281 7
340 10
313 5
162 3
208 1
250 5
289 10
382 2
45 1
93 3
277 4
187 8
32 8
25 3
266 1
135 7
155 2
33 4
357 2
367 7
146 3
195 9
61 2
89 10
143 6
175 1
205 10
209 9
235 4
364 8
197 6
216 9
159 8
223 1
232 7
74 2
101 10
55 7
216 2
220 5
286 1
381 3
243 9
321 8
394 3
284 7
41 4
352 6
157 8
174 2
229 6
274 5
89 5
213 2
8 7
59 2
45 4
3 8
33 7
156 3
242 5
301 5
196 1
257 4
141 10
1 6
237 5
252 10
285 2
373 4
36 2
94 5
105 7
306 10
201 6
145 10
314 7
214 3
84 3
391 2
130 9
226 7
292 4
346 2
102 5
129 9
226 10
376 2
362 1
161 3
172 1
12 4
48 2
154 4
213 2
292 10
74 10
83 4
181 9
187 9
196 6
211 8
275 6
290 1
310 1
315 1
250 6
332 1
105 9
269 10
55 4
208 9
255 6
333 6
5 9
19 8
118 7
143 10
204 7
233 4
9 9
224 7
172 7
145 4
84 8
361 2
310 9
149 8
154 7
254 8
285 10
388 1
313 9
194 10
321 8
173 3
396 8
57 9
266 1
162 4
150 2
354 6
97 4
191 7
171 8
23 8
263 6
242 6
58 4
127 10
304 3
353 1
303 9
347 5
162 6
48 4
21 6
359 9
120 6
135 10
333 7
107 5
194 8
287 2
390 6
81 3
94 5
261 6
83 6
108 4
128 10
104 3
136 4
269 2
294 3
306 7
119 3
186 2
263 9
257 10
106 7
39 3
273 4
112 1
30 9
355 1
216 3
49 6
256 9
137 8
56 6
199 1
374 8
23 3
139 2
0 3
168 6
318 10
390 6
109 1
368 8
357 1
283 9
181 4
204 6
281 1
54 7
70 1
88 2
41 8
177 7
178 2
291 6
3 4
64 6
181 1
75 4
313 1
198 5
326 1
131 4
231 6
294 8
137 7
309 10
341 1
359 8
367 10
387 9
93 4
104 2
360 10
329 8
118 2
126 3
227 7
296 1
324 10
55 5
124 8
351 8
367 3
74 4
195 10
298 2
42 7
110 3
121 8
179 6
287 9
245 3
356 10
42 5
113 7
274 3
277 1
252 9
190 4
295 4
6 5
7 7
218 1
245 5
130 3
269 7
378 3
18 9
139 4
141 6
116 3
266 2
209 2
24 3
112 5
344 4
55 4
210 10
254 9
277 6
278 6
171 5
105 8
274 4
324 10
227 3
352 10
372 8
266 3
193 3
351 9
324 7
366 4
241 10
181 7
196 8
261 4
265 9
317 2
28 6
66 1
40 6
51 9
257 3
330 4
280 6
25 3
31 6
17 10
296 3
150 6
103 4
178 9
395 4
97 1
227 8
6 9
196 9
364 10
224 3
262 3
311 5
61 5
391 5
287 10
140 8
164 5
223 10
361 7
266 9
1 4
136 7
130 1
320 9
359 2
399 3
251 10
64 5
138 3
219 6
43 7
292 7
336 3
348 1
379 4
389 4
57 4
124 2
225 4
228 4
367 4
373 1
397 4
120 1
337 10
249 1
317 7
112 5
228 2
335 5
392 2
229 4
385 5
20 4
48 4
224 7
334 7
9 7
81 2
152 7
24 10
32 9
281 10
49 2
31 1
152 2
284 1
168 9
315 9
159 6
293 1
75 9
345 9
236 4
258 1
316 1
339 10
0 10
92 3
356 4
268 8
316 9
56 1
102 10
109 8
151 4
153 1
166 7
98 2
132 9
56 9
215 2
328 8
383 3
206 8
263 3
392 2
209 4
39 10
319 7
187 6
276 9
286 7
311 4
313 4
377 8
383 5
86 4
249 10
89 4
374 5
251 10
237 7
12 6
77 3
146 2
340 5
217 1
258 9
117 8
292 5
132 9
183 6
101 3
17 9
338 1
248 2
202 5
205 1
338 2
26 6
313 3
37 6
233 6
241 7
363 3
399 10
55 1
160 4
101 3
254 8
31 10
229 7
328 1
34 7
53 8
140 7
59 5
319 1
339 6
261 1
266 4
282 9
287 10
375 3
5 1
230 7
370 3
89 7
356 3
165 3
314 6
302 3
395 1
75 2
138 10
143 8
313 10
95 9
247 9
345 4
219 9
368 10
38 2
66 6
158 10
119 9
101 9
19 6
366 7
248 10
56 7
99 5
127 1
169 9
132 6
76 1
166 8
337 10
121 6
224 6
279 3
87 5
61 10
67 7
153 5
394 5
92 4
95 9
269 4
351 10
393 4
24 2
63 4
149 1
212 3
88 6
389 4
332 1
261 4
295 1
391 5
104 4
128 6
250 4
3 1
334 2
290 10
46 1
188 5
85 7
268 7
272 8
292 3
323 1
33 2
41 6
320 2
135 7
151 6
27 9
93 6
120 10
282 10
188 1
110 8
74 4
271 1
91 6
182 8
252 4
85 10
354 4
102 1
207 5
70 10
362 8
220 6
206 5
252 4
30 2
50 7
134 9
327 5
46 5
116 1
109 1
183 4
120 9
162 2
268 8
274 10
321 1
31 3
307 5
328 10
163 10
55 8
217 9
248 8
82 3
84 5
132 8
392 2
386 10
14 9
32 4
199 3
333 7
76 4
388 10
20 3
125 2
131 2
218 3
294 2
241 2
354 4
10 7
75 9
85 1
89 3
74 3
128 3
261 3
39 8
181 2
45 8
22 5
121 9
122 2
148 3
84 9
64 9
345 2
23 6
44 3
52 8
186 1
240 10
286 6
289 1
210 9
346 6
161 1
213 3
90 8
283 6
46 2
173 6
70 5
16 7
194 9
97 3
243 2
305 4
328 8
45 7
207 6
322 10
122 5
109 1
350 2
246 9
90 9
366 6
9 5
260 1
267 9
372 6
4 6
103 2
15 10
292 4
257 10
8 3
171 10
320 5
121 1
328 10
247 7
278 5
282 5
314 2
365 10
21 4
73 5
103 3
136 7
197 6
176 7
355 9
169 3
74 9
364 9
285 7
375 8
174 4
30 6
299 9
32 9
130 10
304 3
73 6
129 7
299 5
343 5
14 2
156 7
169 8
164 3
269 7
312 10
315 2
282 1
174 4
175 2
329 3
258 5
376 8
389 5
176 4
124 6
277 4
190 7
344 7
284 2
86 5
192 7
62 8
70 8
362 3
58 4
154 6
82 6
16 6
100 6
316 5
274 4
121 7
20 2
135 4
189 6
246 2
55 2
282 1
12 2
338 8
244 7
76 5
91 1
314 4
120 4
313 8
328 7
284 6
378 6
179 4
362 2
257 1
396 9
47 4
87 5
127 5
185 7
274 1
14 7
283 2
308 1
314 7
322 4
353 7
373 8
300 6
239 2
327 5
244 10
299 1
393 6
97 8
112 9
238 2
81 6
378 10
316 3
353 5
23 3
217 10
4 9
58 8
166 10
213 2
105 10
189 7
263 7
335 4
388 1
14 10
57 3
140 6
126 5
49 6
60 2
379 2
219 2
123 9
35 5
45 4
234 7
290 2
50 3
238 10
312 8
321 8
76 3
161 5
159 3
32 6
277 5
74 2
84 5
233 2
305 1
220 9
64 8
277 2
4 6
31 5
113 3
194 9
115 6
223 7
49 2
274 4
293 7
302 7
63 5
188 2
210 8
53 2
195 10
365 6
175 1
184 10
391 1
60 9
278 9
288 4
384 8
27 8
60 10
133 6
201 4
256 9
291 3
116 5
264 8
284 1
185 10
49 4
280 9
172 10
332 5
332 7
380 9
26 8
160 9
206 4
127 10
207 4
314 9
253 8
252 8
35 6
59 3
190 8
163 9
328 7
137 8
316 4
360 6
134 6
357 6
40 7
53 6
83 1
250 9
148 9
346 10
307 3
104 8
127 4
167 3
222 10
236 1
146 10
370 1
270 10
305 4
57 1
84 9
179 1
186 9
228 5
298 9
388 4
269 1
263 1
372 2
41 7
221 1
325 3
322 6
22 7
200 4
191 1
144 6
214 3
166 4
397 4
398 10
2 5
60 9
169 3
321 1
25 6
40 5
140 6
146 9
259 1
241 7
182 3
309 9
312 5
337 5
56 8
290 4
250 8
15 7
287 2
166 9
273 8
317 6
374 8
384 9
118 1
139 1
162 2
165 3
171 9
272 3
191 4
273 6
369 10
221 9
47 4
329 9
180 8
71 9
202 7
209 8
24 10
339 5
134 10
227 7
259 1
57 3
145 2
198 4
161 7
86 4
92 8
98 5
257 10
312 10
271 6
49 7
364 4
205 1
270 6
379 7
36 1
266 3
93 5
202 8
299 1
285 6
344 3
377 6
147 4
265 8
17 9
15 9
266 6
38 4
4 10
81 5
160 3
164 4
232 4
237 1
247 4
40 7
209 10
124 5
356 7
132 6
359 6
40 5
183 9
322 7
66 10
117 4
160 1
229 4
163 6
245 5
337 5
246 2
59 6
112 6
163 6
223 5
249 9
306 6
197 3
379 1
11 2
27 4
82 1
251 9
370 1
167 6
361 1
41 9
77 1
116 7
177 10
151 1
350 10
205 10
228 1
234 1
191 9
223 5
96 8
389 8
359 8
94 3
114 9
151 9
218 6
237 2
25 5
22 4
66 4
373 8
98 8
124 7
178 1
67 2
250 1
229 2
235 6
225 7
272 6
127 2
368 10
137 10
399 10
123 1
217 6
183 7
366 1
319 10
13 4
37 1
87 6
144 2
159 9
170 10
265 2
362 9
191 10
346 1
370 10
0 6
249 4
25 8
294 2
370 10
391 8
217 1
116 10
103 1
72 10
360 7
347 1
44 7
244 2
264 4
201 10
132 1
93 4
30 1
250 3
152 6
110 1
292 4
370 4
28 9
132 10
187 5
222 4
173 7
291 4
129 4
202 3
43 6
179 1
247 7
17 5
106 10
294 1
154 8
213 2
288 2
293 1
145 3
42 1
160 4
200 1
93 1
156 1
168 3
328 1
63 4
16 10
5 10
57 4
298 5
13 6
95 4
158 2
258 9
397 4
297 5
304 5
226 5
272 1
8 9
225 9
307 6
238 1
315 2
336 10
340 2
238 6
2 2
49 5
304 2
369 9
58 7
126 5
193 3
398 1
247 7
348 7
141 9
70 3
36 9
48 5
11 6
141 3
226 3
300 2
298 5
308 1
49 2
342 10
246 1
257 4
219 4
8 8
128 10
278 6
145 7
332 4
363 9
80 2
210 5
299 6
256 3
89 4
327 7
381 6
383 6
8 4
106 5
304 1
51 9
398 10
237 1
319 4
88 4
114 2
263 9
154 10
114 10
133 1
137 9
37 1
345 6
169 5
183 4
48 1
62 2
77 7
270 10
227 10
263 5
244 8
390 1
94 9
116 5
138 9
153 1
189 3
194 10
235 8
99 9
62 7
183 4
381 4
128 7
193 6
235 4
252 9
351 10
223 2
237 7
364 10
65 4
101 6
133 1
299 2
178 9
45 9
227 2
232 5
239 3
180 9
254 4
376 3
179 1
333 8
88 10
175 7
166 2
31 3
265 6
20 4
67 6
150 10
46 1
114 3
29 8
183 7
191 1
43 2
286 10
8 10
308 4
4 5
51 1
172 9
203 2
223 5
109 7
81 8
138 8
244 8
209 1
262 1
123 8
331 1
220 10
276 7
237 4
260 6
329 7
386 5
369 4
47 5
202 1
336 5
156 10
164 10
165 7
61 4
100 6
260 3
27 10
8 2
334 1
153 1
395 2
9 10
14 9
208 5
238 5
307 7
96 5
74 9
71 3
210 10
223 10
235 7
254 7
296 1
181 8
190 1
219 8
73 7
155 8
228 3
322 7
267 9
370 8
36 7
86 1
167 4
385 6
335 6
113 9
79 3
58 2
321 1
358 7
72 3
200 1
306 4
133 1
76 1
251 5
251 7
46 6
143 7
212 7
134 6
316 8
381 2
10 4
201 2
176 7
325 1
338 7
115 5
330 6
113 2
175 5
241 4
81 9
111 10
173 3
342 3
323 5
299 10
35 3
72 9
175 10
277 5
263 5
196 10
45 1
79 9
188 1
234 8
188 2
334 7
191 6
358 4
363 1
268 5
179 10
352 7
116 10
186 5
81 8
299 2
72 4
154 1
380 3
104 1
336 3
33 9
98 3
304 10
389 7
226 5
362 4
8 1
90 2
163 4
229 7
351 2
397 7
3 1
272 3
61 3
179 9
194 4
216 2
310 6
387 5
49 2
360 9
97 4
256 10
217 6
287 1
129 2
9 6
57 2
141 5
289 1
351 7
16 9
11 1
85 4
173 1
302 7
90 1
92 10
354 4
29 9
220 2
281 10
377 9
112 3
53 10
110 2
157 8
165 9
314 10
344 2
347 7
198 10
41 9
124 6
339 7
164 10
384 3
141 1
237 7
239 5
397 4
206 4
349 4
139 6
213 4
22 8
115 3
148 1
224 9
378 8
369 5
55 2
180 4
275 7
390 3
192 3
159 10
52 10
119 2
151 1
255 6
73 7
3 1
15 5
28 6
115 10
331 7
339 4
85 9
40 7
68 8
172 2
154 8
275 6
282 8
142 9
155 10
255 6
289 7
345 9
101 7
85 7
137 2
171 7
379 8
280 1
376 6
31 8
39 7
130 1
207 8
236 2
287 9
73 4
343 4
230 3
9 10
339 1
189 3
306 9
397 1
21 9
169 10
271 4
314 10
385 6
224 9
120 8
18 3
46 4
223 10
52 6
248 6
195 7
221 6
286 1
58 3
165 4
10 3
97 9
119 7
157 3
154 10
397 8
174 4
82 4
374 7
151 8
285 10
194 10
62 5
47 1
111 10
355 5
266 10
322 4
300 9
93 10
192 3
257 1
280 1
329 8
27 8
287 10
291 4
288 10
14 9
75 8
101 1
259 2
164 8
221 6
63 6
103 1
238 8
174 1
127 4
283 8
185 5
15 8
149 8
265 8
367 7
62 8
76 3
95 5
225 8
191 3
80 2
17 4
130 2
316 3
383 2
228 8
361 6
350 9
55 1
272 6
183 8
34 8
239 10
355 8
235 6
161 3
29 7
81 10
243 2
279 1
361 8
173 4
41 1
271 7
385 2
341 3
102 8
53 4
251 9
41 3
123 3
307 6
313 4
333 2
42 3
382 9
382 9
116 2
50 9
59 4
182 3
376 2
4 5
103 3
183 5
307 6
11 5
42 2
265 9
352 3
249 8
176 5
330 6
364 6
379 2
392 3
33 10
322 5
89 8
211 10
345 5
154 9
81 9
22 4
89 7
71 2
100 6
212 10
241 1
137 1
258 4
50 6
282 8
343 7
398 3
173 4
228 5
199 4
29 5
52 8
60 7
70 2
144 6
356 3
312 1
150 6
392 3
7 8
39 5
65 3
129 2
170 5
249 1
200 5
102 5
288 8
183 2
211 2
385 3
390 3
175 2
56 5
27 7
238 6
198 4
198 5
123 3
41 5
326 2
193 1
168 4
236 9
138 8
298 4
344 7
353 4
367 8
363 1
29 4
174 4
261 4
88 8
110 10
115 10
302 1
308 10
389 3
261 10
13 7
172 3
285 10
54 4
189 10
