100
0 13
13 7
20 6
26 4
30 7
37 3
40 5
45 9
54 4
58 9
67 4
71 4
75 3
78 8
86 5
91 7
98 6
104 2
106 5
111 6
117 2
119 5
124 8
132 7
139 4
143 7
150 7
157 9
166 7
173 7
180 5
185 6
191 8
199 5
204 4
208 4
212 4
216 4
220 8
228 6
234 7
241 6
247 5
252 3
255 6
261 7
268 7
275 6
281 7
288 10
298 3
301 5
306 7
313 9
322 8
330 6
336 8
344 6
350 6
356 7
363 7
370 11
381 7
388 5
393 8
401 7
408 6
414 5
419 5
424 5
429 9
438 7
445 7
452 6
458 7
465 2
467 6
473 4
477 7
484 6
490 6
496 5
501 6
507 5
512 9
521 3
524 9
533 8
541 5
546 8
554 6
560 6
566 4
570 7
577 7
584 4
588 3
591 13
604 4
608 4

97

612
72 6
45 10
3 7
4 1
19 9
21 7
27 4
30 2
37 8
37 1
49 9
60 2
74 10
1 2
1 2
43 4
13 4
2 4
12 4
51 1
18 2
1 4
65 5
7 4
7 6
11 9
0 7
89 1
38 4
98 8
0 1
68 10
80 5
61 6
55 6
26 4
69 1
48 1
33 9
42 10
40 5
16 2
68 2
79 4
98 7
97 8
2 4
13 8
2 6
39 6
62 7
64 8
87 4
96 3
76 8
77 4
86 1
22 8
44 7
86 6
34 9
20 1
33 5
54 7
67 2
80 4
93 7
53 7
83 4
46 4
72 9
76 6
96 5
2 9
19 6
1 4
46 6
32 4
1 4
7 8
74 6
71 4
54 5
70 7
80 10
99 2
81 9
60 10
56 2
53 9
43 7
27 8
66 7
89 5
28 8
62 5
72 6
91 2
6 2
74 10
87 9
27 1
48 5
61 8
94 4
19 9
2 2
91 3
27 2
40 9
58 4
17 9
11 6
0 9
33 8
38 2
82 5
79 4
9 1
91 9
0 7
56 4
44 7
87 10
88 8
54 5
8 8
65 7
56 8
57 2
73 1
96 8
54 6
37 3
26 2
60 3
51 4
69 1
99 8
49 2
40 3
53 10
88 7
25 7
25 7
42 3
65 6
63 5
64 9
78 1
23 2
4 4
47 6
63 8
78 1
80 4
85 9
15 8
16 1
18 2
70 4
98 7
0 4
62 8
41 3
71 7
15 8
73 9
41 6
89 6
39 8
66 8
73 6
94 7
97 5
79 8
32 8
33 4
45 1
71 9
52 2
0 2
72 1
61 2
89 10
61 5
52 3
90 8
42 6
59 2
89 5
12 4
29 8
53 4
56 9
36 2
48 2
84 3
94 5
5 9
19 8
9 5
29 4
50 2
9 9
47 7
94 8
84 8
84 3
61 5
58 4
97 4
68 1
32 2
82 7
83 6
23 3
0 8
0 1
71 1
3 4
19 2
48 2
54 7
64 6
70 1
88 2
93 4
28 8
7 6
90 7
97 5
55 5
74 4
6 5
18 9
24 3
65 5
69 5
64 7
42 5
28 6
70 9
27 3
65 7
95 3
66 1
25 3
31 6
40 5
5 10
97 1
1 4
14 7
73 6
9 7
21 7
72 7
54 3
49 2
81 2
0 10
55 7
61 4
29 1
84 1
56 1
92 3
12 6
91 4
83 6
10 4
54 2
77 3
89 4
26 6
34 7
92 1
59 4
53 8
55 1
5 1
38 2
16 5
32 2
78 1
66 6
75 2
24 2
60 6
0 9
67 7
44 2
56 7
61 10
63 4
67 7
99 5
33 2
97 6
52 7
1 1
23 4
80 1
70 10
91 6
30 2
31 3
50 7
54 8
89 10
97 8
82 3
10 7
14 9
32 4
87 10
47 8
24 10
64 6
75 9
85 1
22 5
23 6
44 3
46 2
52 8
13 5
9 7
38 7
4 6
45 7
58 2
39 5
47 1
90 9
14 2
21 4
32 9
49 7
22 8
45 1
66 8
73 5
86 2
60 3
22 2
64 1
58 4
86 5
55 2
35 4
57 4
18 4
76 5
91 1
47 4
63 3
95 4
31 2
69 6
87 5
97 8
14 10
23 3
49 6
57 3
0 2
97 7
62 10
4 6
31 5
35 5
45 4
86 3
16 8
30 2
49 10
74 2
76 3
84 5
27 8
60 10
93 8
78 2
15 5
7 7
63 5
26 8
59 3
62 5
49 4
25 5
40 7
53 6
57 1
38 6
7 8
25 9
83 1
84 9
2 5
22 7
25 6
40 5
41 7
97 3
78 4
15 7
56 8
28 8
48 6
69 10
41 1
49 7
79 6
9 2
49 7
86 4
4 10
36 1
89 8
6 2
81 5
40 5
59 6
66 10
23 1
4 1
27 4
41 9
38 1
97 2
51 10
13 7
77 1
82 1
94 3
13 4
37 1
27 7
97 2
29 9
87 6
98 8
0 6
30 1
44 7
84 9
15 6
83 3
10 9
28 9
43 6
28 6
56 5
82 7
22 1
13 6
16 10
0 10
39 4
61 2
93 1
95 4
48 2
53 9
8 8
11 6
93 3
58 5
61 3
80 2
8 4
70 1
46 3
78 7
48 1
62 2
65 4
77 7
25 1
26 1
94 9
20 4
29 8
67 6
6 4
84 9
88 10
4 5
51 1
76 2
26 4
9 4
13 10
14 9
84 9
68 5
44 2
94 10
36 7
73 7
70 1
19 5
52 3
86 1
10 4
46 6
72 3
36 6
64 1
35 3
45 1
72 9
79 9
81 9
64 9
34 8
61 5
32 3
26 9
53 1
90 7
8 1
9 6
57 2
61 3
82 1
57 5
67 4
90 2
97 4
16 9
53 10
71 6
59 5
7 4
21 10
90 1
92 10
22 8
24 7
99 8
38 2
79 10
3 1
15 5
28 6
52 10
68 8
46 4
30 10
31 5
31 8
39 7
85 7
86 2
87 1
55 9
18 3
21 9
46 4
58 1
51 6
15 2
47 1
45 3
87 10
93 10
62 8
76 3
74 1
92 10
38 4
9 7
95 5
17 4
29 7
34 8
81 10
32 5
70 3
78 9
41 3
59 4
74 4
93 5
11 5
7 3
22 8
7 8
29 5
39 5
50 6
52 8
60 7
65 3
70 2
71 2
86 4
42 1
35 4
59 8
27 7
71 8
3 8
6 7
88 8
23 8
13 2
49 5
