1600
0 8
8 9
17 5
22 4
26 7
33 2
35 3
38 7
45 5
50 9
59 3
62 6
68 7
75 6
81 11
92 9
101 4
105 5
110 3
113 6
119 4
123 6
129 7
136 6
142 7
149 3
152 4
156 8
164 6
170 7
177 4
181 12
193 8
201 7
208 4
212 4
216 6
222 6
228 4
232 7
239 12
251 4
255 4
259 6
265 6
271 9
280 8
288 5
293 7
300 5
305 2
307 5
312 7
319 7
326 8
334 6
340 8
348 8
356 4
360 6
366 5
371 4
375 8
383 10
393 6
399 2
401 10
411 8
419 5
424 4
428 8
436 5
441 5
446 8
454 3
457 3
460 6
466 9
475 6
481 3
484 7
491 5
496 4
500 11
511 5
516 5
521 8
529 7
536 8
544 3
547 9
556 5
561 2
563 6
569 6
575 7
582 5
587 5
592 8
600 7
607 5
612 6
618 7
625 8
633 5
638 5
643 8
651 6
657 10
667 6
673 7
680 12
692 7
699 6
705 8
713 4
717 7
724 6
730 8
738 6
744 7
751 5
756 10
766 5
771 6
777 5
782 7
789 9
798 8
806 3
809 3
812 5
817 8
825 5
830 6
836 3
839 3
842 5
847 5
852 5
857 5
862 7
869 3
872 5
877 6
883 7
890 4
894 6
900 7
907 7
914 6
920 5
925 4
929 7
936 6
942 6
948 11
959 7
966 5
971 5
976 6
982 6
988 6
994 7
1001 8
1009 6
1015 5
1020 9
1029 5
1034 5
1039 8
1047 3
1050 6
1056 6
1062 4
1066 8
1074 6
1080 2
1082 6
1088 4
1092 5
1097 7
1104 6
1110 5
1115 3
1118 4
1122 5
1127 5
1132 4
1136 5
1141 4
1145 4
1149 4
1153 4
1157 7
1164 7
1171 5
1176 5
1181 8
1189 6
1195 3
1198 4
1202 6
1208 4
1212 6
1218 8
1226 7
1233 5
1238 9
1247 4
1251 7
1258 5
1263 5
1268 4
1272 7
1279 4
1283 4
1287 9
1296 4
1300 7
1307 8
1315 9
1324 5
1329 6
1335 6
1341 8
1349 7
1356 4
1360 6
1366 5
1371 5
1376 5
1381 9
1390 4
1394 8
1402 7
1409 4
1413 7
1420 6
1426 5
1431 4
1435 6
1441 3
1444 5
1449 5
1454 5
1459 8
1467 7
1474 7
1481 3
1484 6
1490 7
1497 6
1503 4
1507 5
1512 4
1516 3
1519 7
1526 7
1533 8
1541 7
1548 7
1555 3
1558 3
1561 2
1563 4
1567 5
1572 3
1575 8
1583 6
1589 7
1596 5
1601 4
1605 4
1609 5
1614 5
1619 6
1625 6
1631 10
1641 3
1644 5
1649 3
1652 10
1662 9
1671 9
1680 5
1685 5
1690 5
1695 8
1703 5
1708 4
1712 6
1718 5
1723 8
1731 6
1737 7
1744 9
1753 6
1759 9
1768 10
1778 3
1781 3
1784 5
1789 6
1795 5
1800 5
1805 4
1809 5
1814 5
1819 6
1825 7
1832 3
1835 5
1840 7
1847 6
1853 6
1859 4
1863 7
1870 4
1874 6
1880 8
1888 8
1896 5
1901 3
1904 4
1908 4
1912 5
1917 5
1922 7
1929 5
1934 6
1940 5
1945 7
1952 4
1956 4
1960 5
1965 5
1970 8
1978 5
1983 8
1991 5
1996 4
2000 9
2009 7
2016 8
2024 3
2027 6
2033 4
2037 6
2043 7
2050 7
2057 2
2059 3
2062 9
2071 4
2075 8
2083 6
2089 8
2097 4
2101 8
2109 3
2112 4
2116 5
2121 5
2126 5
2131 6
2137 4
2141 6
2147 5
2152 7
2159 5
2164 4
2168 5
2173 8
2181 9
2190 5
2195 7
2202 4
2206 4
2210 7
2217 4
2221 10
2231 4
2235 6
2241 7
2248 7
2255 6
2261 6
2267 6
2273 9
2282 6
2288 3
2291 7
2298 5
2303 7
2310 4
2314 6
2320 7
2327 3
2330 4
2334 7
2341 5
2346 3
2349 3
2352 8
2360 8
2368 4
2372 7
2379 4
2383 5
2388 4
2392 8
2400 4
2404 8
2412 9
2421 3
2424 8
2432 5
2437 7
2444 4
2448 5
2453 6
2459 7
2466 6
2472 7
2479 3
2482 8
2490 6
2496 4
2500 9
2509 7
2516 6
2522 3
2525 4
2529 9
2538 6
2544 7
2551 6
2557 2
2559 8
2567 7
2574 4
2578 7
2585 2
2587 5
2592 7
2599 6
2605 6
2611 9
2620 3
2623 7
2630 8
2638 5
2643 5
2648 6
2654 7
2661 6
2667 6
2673 7
2680 4
2684 5
2689 4
2693 9
2702 5
2707 10
2717 5
2722 5
2727 5
2732 7
2739 4
2743 5
2748 9
2757 8
2765 7
2772 5
2777 6
2783 8
2791 6
2797 7
2804 5
2809 7
2816 9
2825 9
2834 10
2844 8
2852 3
2855 5
2860 4
2864 6
2870 9
2879 8
2887 7
2894 6
2900 5
2905 4
2909 7
2916 7
2923 7
2930 5
2935 8
2943 6
2949 7
2956 4
2960 7
2967 4
2971 4
2975 5
2980 7
2987 7
2994 9
3003 5
3008 3
3011 8
3019 5
3024 6
3030 5
3035 6
3041 5
3046 7
3053 6
3059 4
3063 6
3069 7
3076 6
3082 5
3087 7
3094 6
3100 4
3104 9
3113 5
3118 6
3124 7
3131 5
3136 2
3138 3
3141 6
3147 3
3150 8
3158 8
3166 4
3170 5
3175 5
3180 6
3186 4
3190 5
3195 6
3201 6
3207 6
3213 7
3220 6
3226 8
3234 7
3241 9
3250 5
3255 2
3257 8
3265 8
3273 5
3278 6
3284 6
3290 5
3295 6
3301 5
3306 7
3313 5
3318 7
3325 6
3331 5
3336 8
3344 6
3350 10
3360 4
3364 4
3368 2
3370 4
3374 7
3381 5
3386 8
3394 7
3401 5
3406 6
3412 4
3416 10
3426 7
3433 10
3443 6
3449 5
3454 4
3458 7
3465 4
3469 6
3475 6
3481 6
3487 6
3493 5
3498 8
3506 6
3512 6
3518 4
3522 6
3528 10
3538 4
3542 8
3550 6
3556 5
3561 8
3569 9
3578 2
3580 6
3586 5
3591 5
3596 7
3603 8
3611 8
3619 5
3624 6
3630 5
3635 6
3641 10
3651 8
3659 5
3664 2
3666 6
3672 7
3679 5
3684 3
3687 3
3690 6
3696 6
3702 7
3709 3
3712 6
3718 4
3722 4
3726 4
3730 8
3738 5
3743 8
3751 5
3756 6
3762 9
3771 4
3775 8
3783 6
3789 7
3796 7
3803 7
3810 7
3817 7
3824 5
3829 7
3836 4
3840 15
3855 4
3859 4
3863 5
3868 9
3877 5
3882 5
3887 7
3894 5
3899 5
3904 8
3912 4
3916 4
3920 9
3929 5
3934 9
3943 6
3949 5
3954 8
3962 4
3966 4
3970 5
3975 8
3983 8
3991 10
4001 6
4007 3
4010 10
4020 4
4024 9
4033 6
4039 5
4044 7
4051 6
4057 2
4059 4
4063 3
4066 7
4073 7
4080 7
4087 6
4093 5
4098 8
4106 9
4115 8
4123 8
4131 4
4135 5
4140 9
4149 6
4155 6
4161 8
4169 2
4171 7
4178 8
4186 5
4191 5
4196 5
4201 8
4209 5
4214 8
4222 3
4225 5
4230 8
4238 3
4241 8
4249 3
4252 7
4259 4
4263 2
4265 3
4268 5
4273 9
4282 7
4289 7
4296 6
4302 11
4313 6
4319 6
4325 6
4331 6
4337 11
4348 5
4353 7
4360 3
4363 6
4369 3
4372 2
4374 7
4381 8
4389 3
4392 4
4396 14
4410 8
4418 7
4425 7
4432 5
4437 5
4442 4
4446 6
4452 4
4456 7
4463 5
4468 3
4471 6
4477 7
4484 6
4490 4
4494 3
4497 7
4504 7
4511 9
4520 8
4528 7
4535 4
4539 8
4547 6
4553 6
4559 5
4564 7
4571 3
4574 6
4580 10
4590 10
4600 6
4606 5
4611 7
4618 6
4624 6
4630 6
4636 5
4641 7
4648 6
4654 5
4659 7
4666 7
4673 6
4679 4
4683 6
4689 5
4694 6
4700 10
4710 8
4718 6
4724 6
4730 8
4738 7
4745 5
4750 10
4760 5
4765 7
4772 7
4779 5
4784 4
4788 4
4792 7
4799 10
4809 3
4812 5
4817 8
4825 5
4830 6
4836 7
4843 2
4845 7
4852 6
4858 4
4862 5
4867 6
4873 5
4878 7
4885 9
4894 7
4901 6
4907 6
4913 7
4920 7
4927 8
4935 10
4945 6
4951 6
4957 6
4963 4
4967 4
4971 7
4978 7
4985 2
4987 4
4991 8
4999 7
5006 6
5012 4
5016 4
5020 6
5026 6
5032 5
5037 5
5042 7
5049 4
5053 10
5063 3
5066 3
5069 6
5075 8
5083 7
5090 6
5096 5
5101 7
5108 3
5111 5
5116 4
5120 4
5124 8
5132 4
5136 6
5142 11
5153 5
5158 5
5163 6
5169 6
5175 6
5181 4
5185 5
5190 3
5193 3
5196 7
5203 7
5210 10
5220 7
5227 7
5234 3
5237 5
5242 8
5250 6
5256 6
5262 4
5266 7
5273 3
5276 5
5281 3
5284 4
5288 5
5293 10
5303 8
5311 8
5319 6
5325 10
5335 5
5340 6
5346 5
5351 4
5355 8
5363 6
5369 6
5375 6
5381 6
5387 9
5396 8
5404 8
5412 5
5417 15
5432 7
5439 4
5443 5
5448 6
5454 5
5459 4
5463 4
5467 7
5474 6
5480 8
5488 6
5494 4
5498 5
5503 6
5509 6
5515 6
5521 4
5525 6
5531 3
5534 4
5538 8
5546 3
5549 6
5555 5
5560 5
5565 3
5568 5
5573 4
5577 8
5585 5
5590 7
5597 8
5605 3
5608 5
5613 5
5618 6
5624 9
5633 3
5636 10
5646 6
5652 10
5662 7
5669 6
5675 6
5681 5
5686 9
5695 5
5700 5
5705 8
5713 6
5719 4
5723 6
5729 6
5735 5
5740 7
5747 7
5754 7
5761 5
5766 5
5771 5
5776 7
5783 6
5789 6
5795 6
5801 5
5806 4
5810 10
5820 9
5829 7
5836 4
5840 6
5846 4
5850 5
5855 7
5862 5
5867 5
5872 8
5880 10
5890 6
5896 7
5903 10
5913 6
5919 5
5924 4
5928 9
5937 8
5945 6
5951 11
5962 8
5970 4
5974 7
5981 4
5985 7
5992 3
5995 9
6004 4
6008 4
6012 7
6019 5
6024 5
6029 6
6035 4
6039 6
6045 8
6053 7
6060 3
6063 6
6069 8
6077 6
6083 7
6090 9
6099 2
6101 3
6104 6
6110 8
6118 8
6126 3
6129 8
6137 8
6145 5
6150 7
6157 6
6163 10
6173 6
6179 7
6186 7
6193 3
6196 7
6203 6
6209 5
6214 3
6217 6
6223 2
6225 5
6230 7
6237 5
6242 4
6246 6
6252 7
6259 5
6264 8
6272 7
6279 10
6289 4
6293 5
6298 8
6306 6
6312 8
6320 7
6327 4
6331 6
6337 10
6347 5
6352 11
6363 11
6374 5
6379 4
6383 5
6388 8
6396 7
6403 4
6407 6
6413 9
6422 3
6425 4
6429 8
6437 5
6442 5
6447 4
6451 6
6457 9
6466 4
6470 7
6477 12
6489 6
6495 5
6500 8
6508 6
6514 7
6521 3
6524 4
6528 6
6534 7
6541 5
6546 9
6555 9
6564 5
6569 4
6573 4
6577 8
6585 3
6588 6
6594 6
6600 6
6606 6
6612 6
6618 6
6624 7
6631 6
6637 6
6643 8
6651 5
6656 7
6663 5
6668 5
6673 6
6679 4
6683 7
6690 8
6698 6
6704 7
6711 5
6716 9
6725 6
6731 4
6735 6
6741 6
6747 5
6752 8
6760 7
6767 10
6777 6
6783 11
6794 6
6800 5
6805 3
6808 7
6815 4
6819 5
6824 9
6833 3
6836 5
6841 9
6850 6
6856 5
6861 5
6866 5
6871 11
6882 4
6886 6
6892 6
6898 8
6906 4
6910 6
6916 8
6924 3
6927 5
6932 6
6938 5
6943 7
6950 3
6953 7
6960 6
6966 9
6975 4
6979 6
6985 5
6990 5
6995 7
7002 6
7008 5
7013 5
7018 13
7031 4
7035 5
7040 4
7044 6
7050 7
7057 6
7063 4
7067 8
7075 7
7082 7
7089 6
7095 8
7103 4
7107 6
7113 5
7118 5
7123 11
7134 4
7138 2
7140 9
7149 9
7158 11
7169 7
7176 10
7186 7
7193 4
7197 3
7200 4
7204 8
7212 4
7216 3
7219 5
7224 9
7233 4
7237 5
7242 6
7248 3
7251 7
7258 3
7261 7
7268 8
7276 8
7284 11
7295 7
7302 10
7312 4
7316 6
7322 5
7327 10
7337 7
7344 5
7349 5
7354 6
7360 7
7367 7
7374 7
7381 7
7388 5
7393 2
7395 10
7405 8
7413 7
7420 7
7427 4
7431 7
7438 5
7443 4
7447 6
7453 5
7458 6
7464 5
7469 7
7476 9
7485 7
7492 9
7501 7
7508 4
7512 8
7520 8
7528 9
7537 6
7543 8
7551 5
7556 6
7562 3
7565 7
7572 4
7576 9
7585 9
7594 8
7602 8
7610 3
7613 7
7620 6
7626 5
7631 5
7636 7
7643 5
7648 6
7654 7
7661 3
7664 7
7671 7
7678 7
7685 7
7692 8
7700 6
7706 6
7712 6
7718 5
7723 8
7731 7
7738 3
7741 3
7744 7
7751 5
7756 4
7760 3
7763 4
7767 6
7773 5
7778 6
7784 11
7795 6
7801 7
7808 8
7816 6
7822 3
7825 6
7831 6
7837 6
7843 4
7847 6
7853 7
7860 10
7870 7
7877 6
7883 3
7886 6
7892 5
7897 11
7908 4
7912 6
7918 6
7924 4
7928 6
7934 7
7941 8
7949 6
7955 5
7960 6
7966 5
7971 5
7976 9
7985 5
7990 4
7994 5
7999 7
8006 7
8013 6
8019 5
8024 10
8034 8
8042 5
8047 8
8055 7
8062 11
8073 4
8077 6
8083 9
8092 6
8098 8
8106 8
8114 5
8119 9
8128 6
8134 5
8139 3
8142 6
8148 7
8155 6
8161 4
8165 3
8168 7
8175 4
8179 6
8185 5
8190 3
8193 8
8201 5
8206 7
8213 8
8221 5
8226 5
8231 4
8235 5
8240 6
8246 4
8250 8
8258 6
8264 8
8272 12
8284 5
8289 5
8294 8
8302 7
8309 8
8317 9
8326 5
8331 6
8337 8
8345 6
8351 6
8357 4
8361 3
8364 6
8370 4
8374 5
8379 8
8387 4
8391 6
8397 7
8404 5
8409 9
8418 6
8424 8
8432 6
8438 7
8445 6
8451 13
8464 7
8471 5
8476 7
8483 10
8493 6
8499 4
8503 5
8508 6
8514 9
8523 5
8528 6
8534 5
8539 5
8544 4
8548 7
8555 6
8561 4
8565 5
8570 8
8578 9
8587 7
8594 7
8601 6
8607 4
8611 5
8616 8
8624 6
8630 5
8635 7
8642 6
8648 6
8654 5
8659 6
8665 6
8671 6
8677 5
8682 5
8687 8
8695 7
8702 10
8712 4
8716 6
8722 8
8730 3
8733 5
8738 7
8745 3
8748 6
8754 6
8760 5
8765 3
8768 5
8773 4
8777 7
8784 4
8788 6
8794 8
8802 6
8808 8
8816 3
8819 8
8827 6
8833 10
8843 3
8846 7
8853 7
8860 6
8866 4
8870 6
8876 5
8881 7
8888 7
8895 9
8904 7
8911 9
8920 4
8924 7
8931 6
8937 5
8942 4
8946 5
8951 6
8957 5
8962 7
8969 4
8973 4
8977 2
8979 10
8989 3
8992 8
9000 6
9006 7
9013 7
9020 4
9024 10
9034 5
9039 9
9048 6
9054 4
9058 6
9064 7
9071 6
9077 2
9079 6
9085 6
9091 5
9096 5
9101 6
9107 4
9111 4
9115 6
9121 6
9127 7
9134 7
9141 5
9146 5
9151 4
9155 7
9162 5
9167 8
9175 5
9180 4
9184 4
9188 5
9193 7
9200 6
9206 7
9213 5
9218 6
9224 8
9232 7
9239 6
9245 3
9248 4
9252 8
9260 5
9265 6
9271 5
9276 3
9279 7
9286 5
9291 6
9297 5
9302 7
9309 5
9314 7
9321 8
9329 6
9335 6
9341 8
9349 6
9355 6
9361 8
9369 6
9375 5
9380 7
9387 8
9395 4
9399 7
9406 6
9412 10
9422 6
9428 7
9435 7
9442 3
9445 7
9452 5
9457 3
9460 5
9465 5
9470 4
9474 5
9479 6
9485 6
9491 3
9494 7
9501 6
9507 5
9512 3
9515 4
9519 4
9523 9
9532 5
9537 4
9541 6
9547 9
9556 9
9565 6
9571 5
9576 9
9585 6
9591 6
9597 5
9602 6

145

9608
1154 6
720 10
63 7
70 1
49 9
150 3
1040 3
1131 8
17 2
691 4
214 4
74 10
703 9
822 5
1257 2
1439 5
1596 2
293 2
24 4
1050 5
19 9
855 10
1435 1
612 4
111 2
1253 6
1097 10
1282 5
989 6
888 6
127 6
980 1
1586 9
771 1
540 9
647 5
269 2
60 2
1565 8
33 4
208 8
43 6
865 5
1095 10
1261 6
1224 8
1232 4
1379 1
1114 4
1350 7
710 7
1391 6
544 9
300 2
436 8
875 7
1314 3
1441 8
1563 1
856 7
1336 4
969 2
1216 6
1536 5
39 9
21 7
37 1
1006 9
29 4
746 6
525 4
30 2
126 8
881 5
1000 3
1192 6
1150 4
507 3
670 6
1129 8
1229 7
1310 9
969 10
910 2
851 9
27 4
37 8
201 1
344 1
422 5
608 2
1289 10
439 8
1062 7
1433 5
455 8
878 7
959 2
1249 5
1316 8
1318 10
1189 10
1394 9
434 1
240 9
1 2
1505 4
314 9
51 1
1246 7
1462 3
435 2
650 9
191 6
2 9
542 8
383 5
750 6
1102 6
1275 4
157 1
445 6
1277 2
1459 9
11 7
898 4
1300 8
1429 8
1487 4
1420 8
864 5
132 8
1044 7
297 10
586 7
998 6
868 6
603 3
418 2
961 3
792 3
933 5
2 4
797 2
652 3
169 9
418 9
882 2
1384 3
412 7
674 3
1053 6
78 4
759 6
1009 8
1521 9
1120 4
1573 7
14 4
1000 8
451 7
569 8
810 10
1377 2
1168 9
671 6
1433 6
811 6
1242 2
1418 4
12 4
1517 7
1561 5
1278 8
161 7
416 6
1286 3
832 2
12 2
1165 1
583 8
991 5
840 3
1448 8
673 6
695 4
757 8
827 2
1028 10
1029 1
1044 5
1434 10
1555 5
473 8
851 4
906 9
125 7
299 9
319 10
325 2
1191 3
7 4
156 5
476 4
814 2
446 1
995 8
1290 1
766 7
1513 8
407 1
413 2
1351 3
978 5
222 3
533 10
1090 1
513 2
1323 7
1156 8
1487 9
1534 10
14 8
11 1
1150 1
326 10
1176 6
1298 5
304 2
783 2
221 5
1578 7
11 9
454 8
123 6
1450 7
1567 5
362 10
1548 4
1053 5
1107 5
1025 7
366 3
440 8
445 8
687 2
688 3
840 10
912 10
1188 10
1426 10
1125 9
439 3
1043 7
1525 3
640 5
88 10
472 1
725 7
7 6
232 7
1172 6
758 8
1016 4
1568 3
342 7
1162 7
871 3
1014 5
1223 7
1526 3
880 7
976 4
468 1
1352 1
279 2
348 1
1386 8
1495 6
1554 3
1462 4
1335 6
173 4
878 2
660 7
857 3
1344 10
1463 6
1478 1
948 4
778 4
1294 10
1323 8
259 5
525 2
1251 1
114 1
234 2
424 4
1345 6
974 6
0 9
1086 7
715 2
410 7
1557 6
834 7
17 1
375 4
1281 1
525 5
943 7
869 8
1429 10
1562 8
576 2
734 2
914 4
1413 8
1405 10
767 8
396 10
1027 6
843 10
1101 1
1236 6
217 5
147 7
611 7
523 8
1115 1
1251 6
1310 3
1419 1
936 2
628 5
763 1
398 7
471 1
962 8
787 7
352 8
727 1
1057 8
556 3
640 2
657 10
1225 2
1388 2
969 3
361 2
1033 1
237 7
371 9
640 8
1459 10
566 4
924 4
296 4
1587 10
1017 3
1533 4
507 2
1112 6
1160 1
1333 2
6 2
1562 7
1001 10
222 10
986 6
1383 3
269 8
483 2
794 10
1502 8
1250 2
248 5
119 7
273 9
881 7
958 4
1408 6
0 7
992 5
796 4
407 5
98 8
106 7
374 8
859 4
1256 3
1430 7
612 6
112 8
405 9
877 6
991 1
1136 2
1564 3
1263 4
463 8
783 6
1109 10
670 1
231 6
623 7
766 2
776 8
1191 5
1267 5
1273 6
150 2
794 7
219 7
601 1
856 6
997 1
1219 8
1439 8
107 2
168 10
293 5
1580 9
378 1
73 1
740 2
1409 8
0 1
608 1
1561 2
828 10
208 7
188 9
507 1
1341 8
434 7
1555 2
464 9
273 9
558 2
1348 9
248 6
1329 3
167 9
731 3
69 1
463 6
899 5
1318 7
355 1
479 2
1099 8
1111 1
1 10
635 4
986 2
777 2
856 9
567 2
1503 3
941 5
983 3
195 6
886 10
1594 9
1126 1
744 3
1250 7
493 9
592 6
907 8
982 4
1203 8
1522 9
26 4
410 1
429 1
452 6
1231 7
1539 9
111 4
1355 9
627 9
1229 2
421 4
148 4
211 10
1066 6
1393 7
1508 7
1344 9
1099 5
709 2
1518 10
478 2
1120 1
315 5
847 3
997 1
580 6
1027 1
112 1
176 4
212 3
232 2
707 3
1167 7
1183 8
1277 9
1378 4
1033 9
551 8
986 5
518 3
1195 2
416 9
858 1
1445 7
803 1
839 2
1323 1
920 5
1082 4
142 6
592 1
1155 9
1300 7
1381 6
1149 6
949 5
114 4
337 10
429 1
1067 9
1440 4
42 10
389 7
1595 8
608 2
1268 10
529 3
987 6
1343 2
740 4
480 10
503 5
1377 2
1396 1
886 9
283 4
387 4
474 5
687 7
1419 8
1511 2
941 1
826 6
255 2
833 6
849 9
723 3
1397 10
1184 1
1483 10
623 4
146 7
513 1
576 7
512 5
1134 3
1254 9
140 8
413 2
913 3
1195 4
1500 5
400 8
430 6
598 6
1116 7
1251 6
114 3
357 8
412 6
595 2
1003 6
1386 4
679 1
562 4
958 8
1295 4
1136 8
63 8
106 7
430 5
446 2
622 6
1192 4
1494 9
379 8
215 2
785 5
177 10
268 10
1207 6
1583 5
1552 6
930 6
1300 6
874 5
1272 10
1261 6
1489 1
118 3
288 8
1341 1
1468 1
724 10
522 5
283 5
634 2
980 7
1132 3
1552 3
1493 1
896 3
888 2
788 2
1030 10
1192 8
1431 7
1566 2
1030 8
169 6
806 4
506 5
705 3
537 9
515 7
565 3
861 9
1235 3
98 7
591 7
1232 5
63 7
425 1
520 8
1351 1
1404 5
68 2
300 3
439 10
500 4
1102 7
1105 6
580 4
355 6
204 9
555 8
685 7
704 5
712 7
786 9
1281 1
1590 10
605 1
837 1
353 3
726 8
480 6
1385 8
637 3
1405 2
1592 10
370 8
728 1
972 6
1244 1
79 4
1346 10
1478 10
3 2
325 10
588 6
597 8
868 6
1034 7
1083 8
1226 10
1354 6
64 8
1114 6
595 1
956 9
83 1
691 2
1480 8
641 7
1326 9
989 3
256 5
474 5
889 8
87 4
96 3
1133 9
48 1
367 5
1243 10
984 8
1284 3
1592 10
1341 5
1421 3
1434 10
1127 7
1361 10
1254 5
974 4
1014 8
1050 9
1122 7
374 3
1110 4
748 8
978 4
1496 1
1507 8
101 3
1066 1
540 7
349 9
397 4
460 8
1015 9
1117 1
62 7
1431 2
1470 7
587 3
803 1
1231 9
572 6
700 1
822 10
403 4
526 5
1125 1
1150 2
789 6
865 9
148 9
225 6
1001 2
296 2
407 10
220 7
864 2
437 6
835 8
1074 6
1086 5
1143 4
1491 4
39 6
1144 1
1526 3
537 1
570 1
1139 7
165 4
1410 6
631 8
406 8
1248 10
854 2
32 7
758 5
829 3
1582 9
181 4
12 8
134 7
190 10
659 5
1173 9
1351 3
787 1
1030 4
565 10
4 6
178 1
317 3
843 2
1395 7
1506 9
1227 10
807 6
582 10
1259 7
407 7
931 2
982 7
1255 2
1564 2
523 9
177 9
907 10
1504 2
1450 1
619 4
854 2
245 6
1096 10
1146 8
22 8
1168 10
298 10
335 4
342 9
385 10
756 4
776 2
1240 1
1260 1
1003 6
819 5
1117 8
126 7
1079 10
223 4
828 9
885 7
1119 7
572 10
816 7
1584 8
898 7
690 7
1207 8
1445 2
1241 9
427 1
562 5
730 6
1254 9
777 10
1287 8
1076 4
1080 9
231 9
1064 1
650 4
1476 3
1484 3
764 7
684 8
94 8
1054 6
941 8
1219 3
1413 1
1213 9
1389 5
253 6
580 6
1149 5
194 4
86 6
496 9
1335 7
430 5
776 8
888 2
1219 8
1148 2
1561 6
326 3
378 5
510 2
1359 8
416 3
546 4
303 9
431 6
586 7
837 10
1184 9
93 7
744 2
1055 9
1466 4
54 7
156 3
1094 4
460 1
1326 1
1473 3
80 4
121 9
1421 1
867 3
198 6
765 3
1446 4
550 8
224 6
189 6
514 8
780 9
1023 7
1402 2
67 2
556 2
0 3
310 1
752 10
827 4
1475 8
1431 1
1132 9
724 4
1382 6
166 8
708 7
659 7
1196 3
727 1
303 4
1255 1
792 5
952 4
1053 5
1535 8
925 6
1177 8
548 7
628 10
887 8
1092 1
417 2
1442 10
1316 8
472 2
273 4
878 9
33 5
147 3
507 3
910 7
1184 1
1298 10
610 8
860 6
960 5
1104 5
1146 8
20 1
1405 8
1470 3
749 2
1081 7
1356 2
1404 6
780 10
1192 2
170 7
215 8
1457 5
486 8
717 6
1151 9
183 10
557 10
1096 3
1111 1
1010 9
761 4
274 7
1121 5
29 7
872 1
980 5
522 3
664 8
928 7
565 6
464 3
1066 2
167 6
544 4
1151 5
451 5
1378 4
221 4
358 7
547 2
625 9
1398 9
684 5
422 8
1099 4
1299 10
545 4
725 6
1005 2
1333 3
124 4
1064 3
773 3
1405 9
379 1
1113 8
152 8
967 10
725 7
351 9
394 5
72 9
162 6
205 9
1031 3
1323 4
203 6
479 8
797 2
1269 10
68 10
1184 3
603 6
413 4
295 1
104 6
908 8
24 9
785 9
1459 10
158 7
245 5
1566 5
1150 10
384 2
400 4
1183 5
1354 5
892 10
1444 7
381 3
520 1
1280 9
1437 2
1596 3
173 7
319 2
46 4
259 5
552 3
876 6
172 7
543 7
231 4
496 2
725 10
1094 5
1348 10
999 1
1269 7
449 5
459 8
1086 7
1214 4
1572 5
916 4
1543 5
83 4
192 4
540 7
1107 4
99 10
129 9
127 1
611 2
1138 1
675 9
813 2
839 8
1175 1
303 9
1380 9
947 4
1424 4
1075 8
871 6
1123 4
1483 8
126 4
392 2
529 9
226 9
215 8
315 9
1512 2
1535 3
827 8
834 8
1247 4
1466 5
1541 2
1569 2
837 4
159 10
1279 7
1331 7
347 4
996 10
926 10
1496 5
1005 10
1292 10
1599 7
1363 5
870 1
202 1
208 5
1008 8
1169 5
531 9
734 6
404 3
318 1
70 9
1354 1
992 2
267 4
1252 3
149 6
323 5
1125 5
1567 5
407 3
1016 8
126 10
935 7
19 6
237 5
1279 1
1359 6
176 4
922 7
1482 3
356 7
1258 6
1211 3
1327 10
1357 7
142 4
1255 10
382 9
990 9
1380 4
303 5
1340 3
478 9
404 9
76 6
1464 7
745 7
1106 1
1222 6
531 6
306 1
667 8
304 2
844 10
896 6
1116 3
350 5
300 5
345 2
148 6
1577 5
369 4
381 9
506 10
659 10
1144 4
1218 4
596 1
851 3
355 6
247 2
251 4
532 3
1329 1
1046 4
1064 2
1000 4
14 1
1339 2
244 3
186 1
752 5
340 7
382 9
488 10
599 10
167 6
1281 2
1052 7
1532 1
606 6
108 9
373 6
561 2
817 3
1576 3
167 9
1130 10
753 1
441 8
296 4
562 4
1077 3
1188 6
1011 4
343 10
1416 4
411 1
308 9
1187 4
1554 10
1451 8
883 6
826 5
926 7
1364 6
7 8
70 7
539 9
1308 5
186 5
464 1
365 6
825 9
1213 6
481 9
651 2
771 2
912 4
1228 5
1312 10
654 10
221 8
517 3
1087 9
1395 1
80 10
339 5
528 8
1569 2
1573 8
1334 7
307 4
1555 10
83 3
597 8
872 3
1179 2
1031 9
1325 2
1 4
358 3
298 3
514 3
248 2
380 4
1465 4
99 2
158 8
724 2
181 8
338 9
258 9
1381 2
1188 8
54 5
963 10
1146 6
1158 1
842 9
672 2
673 5
675 10
1310 3
363 8
1133 6
399 4
691 9
280 5
67 7
777 9
390 3
1146 3
1335 9
1376 9
122 7
1289 10
489 5
436 1
1401 2
741 7
846 2
1319 3
163 4
210 8
1466 6
38 5
355 2
377 1
1269 3
1338 8
1550 5
60 10
1171 4
1030 10
35 3
1168 10
134 4
1280 5
484 1
1315 10
608 9
1406 9
149 6
706 7
1423 9
679 3
299 9
737 3
1140 7
1502 8
696 4
121 6
652 3
882 5
1047 5
1089 8
181 9
1219 3
295 6
518 7
1196 5
392 5
1230 6
656 3
1076 7
485 8
957 7
1130 1
697 4
700 2
1319 3
915 2
1021 8
497 6
1109 4
762 7
1376 7
269 3
251 8
280 8
297 4
473 5
1047 9
139 9
174 4
331 6
66 6
1442 9
43 7
1264 5
1098 4
487 7
83 2
331 2
366 3
459 4
1574 7
542 4
756 6
240 8
994 2
1129 1
48 2
1353 8
979 7
861 1
908 6
966 8
1388 10
1257 4
483 4
1255 8
1314 7
301 7
766 8
1406 8
1448 2
1028 1
642 5
898 9
191 5
509 5
741 7
1097 1
57 7
979 3
1232 4
1493 8
1200 6
958 2
1311 5
516 6
1214 2
326 6
1513 10
1265 3
655 9
1073 1
16 9
233 8
249 9
262 9
852 2
421 10
757 7
842 7
1154 10
1385 1
563 6
507 5
935 10
243 2
243 2
1519 2
878 2
492 9
1160 2
201 3
952 10
471 9
957 7
170 5
637 3
131 6
1053 9
1126 2
935 2
1220 1
881 9
257 8
324 4
690 5
1297 4
1389 5
462 6
894 7
199 2
741 2
784 9
784 4
1482 10
62 5
72 6
841 8
214 2
783 10
712 4
1472 10
1565 1
240 9
368 5
1026 9
1164 3
465 5
556 5
1131 1
1218 7
230 8
199 4
1122 9
689 10
313 7
1063 7
1291 7
511 10
828 4
1259 9
296 4
929 3
1319 4
1009 8
141 6
372 6
805 4
652 9
1315 7
550 8
560 2
1454 7
91 2
1443 6
538 6
471 10
113 5
593 9
1385 10
246 8
584 10
1482 1
590 6
590 1
910 3
1496 7
216 9
719 1
747 9
913 5
455 6
579 6
1458 2
48 5
173 5
1078 1
1053 1
1488 2
496 9
661 8
852 4
884 1
1301 3
588 9
621 9
750 4
1109 5
1240 6
765 1
578 6
859 3
666 4
1040 7
1085 10
1403 5
240 9
676 3
588 4
965 7
728 3
859 1
1160 4
1001 8
1148 2
666 9
1094 8
1532 1
687 9
1089 3
766 4
283 4
767 10
886 9
188 4
640 8
286 9
808 7
836 8
99 10
723 2
874 9
1171 8
1422 3
6 2
61 8
229 3
583 2
794 4
644 7
369 8
392 5
1028 10
1251 10
559 7
598 3
1338 6
1457 4
822 1
1082 6
284 2
1272 8
375 5
811 8
1197 1
481 10
71 9
62 9
1066 6
155 4
990 4
160 7
836 10
499 5
448 5
1425 7
531 6
480 6
1050 6
1090 9
733 9
1290 7
1021 4
1208 4
1285 6
1402 3
652 6
980 5
1348 5
986 2
786 10
1301 8
652 6
894 5
998 9
1227 6
643 6
645 2
653 8
712 6
1035 10
1148 9
1516 1
45 2
503 4
219 5
230 8
1483 1
670 6
1249 5
710 10
605 1
881 2
767 9
894 5
386 8
1557 8
681 2
706 4
910 9
1000 9
1096 7
1112 1
949 2
102 5
90 4
266 4
303 3
1010 10
1114 3
1344 7
1483 7
271 2
1000 1
918 2
941 6
327 3
641 4
798 7
886 7
1166 6
1091 6
510 2
1472 10
551 10
1085 7
268 9
733 7
1466 1
411 10
1150 2
1451 9
767 10
680 8
718 3
1414 1
997 4
101 8
1179 2
341 4
436 7
806 2
1221 5
1556 10
467 10
414 1
291 10
1443 7
1367 7
806 10
531 1
373 4
582 4
289 10
610 6
442 1
824 7
1204 5
1372 5
692 7
1166 4
517 4
811 3
1013 10
2 2
991 7
68 5
424 10
462 9
690 10
1144 2
1353 1
1174 1
580 3
357 7
362 4
793 1
1204 4
226 6
168 1
642 4
800 1
681 7
717 9
879 9
58 4
122 2
205 4
1312 1
252 4
406 9
470 4
499 7
1003 10
22 10
230 4
790 10
953 6
1311 2
1587 7
132 10
214 3
1034 9
1589 4
1189 5
650 5
773 1
966 5
1261 7
224 9
32 9
900 9
1230 6
953 1
327 9
705 4
784 9
923 3
1296 10
107 3
9 2
197 5
235 7
507 5
603 9
1592 1
991 7
371 8
623 10
1054 2
153 4
179 9
283 3
145 9
194 5
611 6
38 2
1200 2
1192 5
1235 1
196 2
1031 4
879 4
332 1
768 4
1306 3
196 1
581 7
1328 4
1501 7
212 4
1027 3
357 4
1308 7
713 6
206 9
1592 10
951 1
683 1
1363 4
353 4
458 2
1053 9
618 10
1269 3
1509 6
150 1
1380 6
405 4
969 3
1038 6
1169 9
1253 5
676 5
733 4
1081 3
910 10
1052 5
979 8
892 4
1024 6
398 9
251 7
734 4
539 5
1224 4
1429 5
1464 9
17 9
1404 10
895 2
949 7
1459 10
575 4
82 5
1197 2
715 9
181 9
908 2
669 10
720 9
1016 4
1507 3
719 1
665 2
127 3
1063 6
331 3
508 10
1308 8
1469 9
602 10
187 1
456 3
1545 3
172 2
1145 10
32 10
1232 4
559 8
1237 10
437 7
327 8
375 2
475 1
583 1
1367 3
1575 7
1590 2
979 8
839 1
1051 1
492 8
439 5
461 6
538 5
555 4
951 4
1040 6
1318 7
1547 5
1107 10
189 5
808 1
638 5
660 7
246 4
340 8
1063 7
111 10
32 2
1142 4
1236 3
144 3
239 6
612 1
1583 2
37 10
320 8
386 5
299 9
284 3
387 9
724 8
761 1
879 8
367 4
414 5
488 1
830 6
1068 9
1480 8
642 6
1000 3
1381 7
1540 6
1342 6
569 9
1018 6
1511 8
1596 5
231 6
317 3
232 2
1284 1
1432 7
532 1
305 1
1006 5
1007 7
443 7
513 9
1397 8
538 6
1266 8
427 7
1067 6
706 7
1300 1
405 7
971 8
132 4
453 2
702 5
965 4
479 9
693 3
1371 3
1295 5
1197 10
684 6
87 10
1055 5
786 10
714 4
996 3
1084 2
1415 3
1546 8
216 9
754 2
1337 7
1041 4
1464 3
211 5
1432 4
1454 1
1072 5
717 10
1055 7
1193 7
1294 2
202 7
324 8
1199 2
406 4
451 1
288 4
619 1
1520 3
419 1
44 7
132 9
392 3
1216 10
348 4
358 9
760 5
1212 9
1560 9
206 10
1558 7
904 5
532 4
676 3
1049 3
1070 8
1406 2
1588 7
14 1
1088 3
466 4
494 5
773 10
1256 1
1548 5
197 2
1166 3
869 6
1150 1
518 2
944 2
956 4
1392 6
184 4
1157 1
1405 7
497 3
45 1
342 4
694 1
1208 7
1170 10
1437 8
1416 4
118 9
404 3
797 4
921 10
992 1
1510 4
197 5
1125 10
1509 9
450 3
797 4
1238 4
1430 10
792 10
166 9
56 8
1356 7
657 10
109 3
309 4
951 7
956 5
1591 4
422 9
1033 8
1344 10
1492 8
556 6
855 4
961 9
1072 4
73 1
108 6
199 6
1513 8
1479 5
221 2
663 8
745 3
192 7
1562 3
769 3
639 10
876 3
999 7
96 8
307 4
1020 6
294 7
386 8
516 7
1162 5
1557 4
214 3
342 9
163 7
1199 1
619 8
1102 6
1128 8
570 9
387 7
473 1
777 10
814 8
1383 9
405 7
595 1
57 2
1516 8
1121 1
634 3
294 4
1375 4
922 3
39 10
619 3
218 8
759 3
1224 9
1020 10
1297 1
1542 6
898 9
482 8
512 7
1153 7
895 10
208 6
995 6
838 10
1369 5
1516 7
232 3
662 4
40 3
389 9
114 5
618 10
1591 8
699 4
328 4
739 4
779 10
249 5
551 4
1007 5
1238 10
198 4
270 8
1066 10
1291 4
1200 9
651 5
1248 10
110 8
1150 10
1166 4
1152 10
484 1
57 9
302 8
1359 1
1495 10
659 8
885 6
253 6
1365 8
1410 9
204 6
290 4
698 1
508 4
1135 8
602 10
1237 10
1329 2
117 3
63 8
596 8
1061 8
1468 7
437 3
791 7
1019 4
1092 4
51 4
272 5
764 3
320 2
962 8
1535 2
912 8
1447 6
626 1
782 10
1043 7
1251 3
221 1
1089 6
732 8
456 1
69 1
144 5
943 6
647 3
99 8
692 4
165 1
1085 7
587 9
620 10
1337 5
411 8
214 4
1007 9
973 10
198 9
1229 6
1254 4
1332 2
171 3
476 7
780 8
967 6
1205 4
1536 1
194 9
1528 9
466 2
202 9
19 5
412 3
733 5
1230 6
905 3
1296 1
170 2
1061 9
1408 3
997 8
728 6
819 3
1258 8
1517 2
1568 3
132 10
465 1
785 3
1007 8
1105 7
282 8
327 5
357 8
845 10
423 10
684 9
619 9
327 9
90 4
359 7
836 4
1023 3
965 1
549 1
1034 4
552 8
871 10
1195 4
88 7
366 9
1595 3
695 4
912 5
798 4
971 10
1099 10
1347 5
219 3
1248 1
600 6
1571 3
424 4
1490 5
803 5
409 5
1154 8
181 2
270 5
342 3
700 2
226 5
1113 10
1331 2
953 6
793 4
460 5
520 7
1281 6
494 3
166 5
522 5
645 9
837 1
895 7
1030 10
773 1
675 4
746 3
970 1
53 10
944 9
552 8
448 2
968 3
1581 1
1453 1
118 4
696 4
1044 4
597 5
852 9
1243 8
313 9
1047 10
55 7
1142 10
218 4
757 10
465 1
95 8
170 4
1519 5
617 3
795 3
1222 6
1329 7
828 7
1236 2
1572 7
939 5
1591 9
419 5
1121 1
1056 2
1340 10
120 4
1181 10
187 3
195 9
896 5
349 3
1441 4
1230 6
1570 9
1580 6
64 9
360 7
310 4
1345 5
1154 5
334 7
701 4
1581 8
340 4
296 9
124 8
1204 8
63 5
122 10
190 3
34 1
128 7
770 5
1122 5
474 10
867 2
861 4
1066 8
391 5
1487 5
439 6
1097 1
744 9
78 1
49 7
981 4
1550 2
206 1
380 8
286 10
1174 1
797 4
753 4
501 8
1002 5
25 7
383 3
96 6
1552 9
168 4
34 2
1102 6
94 2
1217 5
563 9
925 9
1288 3
289 1
1393 9
328 5
539 3
1295 9
505 5
714 8
1078 4
1461 5
1208 2
1165 10
705 7
85 9
145 3
845 8
29 6
463 8
473 8
484 9
1463 9
155 2
1386 3
697 7
623 9
933 7
23 2
24 9
1345 2
1246 9
566 9
698 7
921 2
341 1
402 5
437 3
441 4
1381 9
616 9
1163 5
867 9
1562 3
80 4
241 10
919 3
1154 10
738 2
1211 6
164 8
353 9
989 5
575 2
14 5
630 6
801 7
582 10
532 10
386 10
1280 1
459 8
1228 4
293 10
390 4
1040 8
662 1
48 4
911 6
1592 4
1302 7
1406 5
106 1
774 5
1564 1
842 7
956 10
993 1
1022 6
1244 9
1361 6
765 8
333 7
137 1
787 3
1127 10
1561 2
1383 3
909 3
762 2
851 1
78 1
637 4
1596 4
87 1
1071 8
1016 8
1224 4
1593 4
1595 5
143 5
668 6
452 8
95 6
98 5
1215 8
1467 7
958 6
1431 2
1341 3
145 6
753 1
1169 7
1574 9
774 8
457 2
1067 3
1446 8
1324 10
1373 9
16 1
71 7
751 9
1476 1
1237 3
828 2
1152 5
1200 2
1247 2
18 2
1344 9
768 5
1462 6
948 1
1424 7
220 1
288 7
9 8
762 4
1062 10
444 9
701 1
320 7
419 3
374 3
1409 6
122 6
693 10
460 2
1283 9
15 8
41 3
107 10
409 6
321 5
1125 2
1426 5
1155 10
1498 2
1027 4
40 8
457 6
1124 9
1302 3
1457 6
205 8
419 4
943 2
1428 8
291 1
1166 4
1233 10
962 1
990 2
1119 1
1542 4
332 7
953 4
1408 6
436 9
855 8
916 1
1530 5
20 6
618 1
40 8
982 3
495 8
1113 8
1396 10
98 2
1541 6
33 1
1365 2
661 4
1019 9
985 4
1166 8
1038 6
1071 6
1100 1
1334 3
396 2
989 3
935 2
274 5
547 1
554 6
629 6
1331 5
1369 6
175 5
1287 5
480 8
350 3
891 7
1038 1
490 3
1007 1
1272 6
1411 6
163 5
863 5
744 4
27 7
340 1
477 10
510 2
1343 8
430 8
825 10
78 6
519 2
802 1
335 2
915 9
932 9
655 10
1293 4
39 8
895 1
491 6
519 10
604 8
658 5
15 8
1404 2
258 6
512 10
564 3
871 9
1295 10
318 3
1368 9
377 1
868 7
1053 9
1471 9
432 2
1376 5
979 1
440 6
692 2
697 2
309 2
807 5
1208 3
828 7
1235 4
1380 1
1515 7
232 4
1207 5
175 8
423 8
438 2
1484 4
118 8
147 1
393 5
1083 6
321 6
1594 6
1388 3
247 6
1394 1
1403 1
293 9
594 2
693 5
799 10
1203 4
1447 1
66 8
73 6
770 5
1598 9
416 8
71 9
162 3
208 1
668 1
645 5
874 5
1217 3
1248 2
1463 2
1547 8
250 5
399 1
385 1
647 9
1117 4
382 2
1070 1
344 4
609 4
813 9
289 10
923 8
1545 2
622 3
1061 10
45 1
916 4
819 1
796 7
605 7
943 3
1524 3
1466 6
1094 3
1063 10
1326 3
952 1
1221 5
1545 2
296 4
631 1
255 10
1249 9
55 1
244 9
518 2
955 10
1048 9
1057 8
1478 3
155 2
1382 5
42 1
577 3
836 9
899 4
1211 5
1245 6
32 8
230 5
359 1
416 8
811 3
825 5
1382 3
408 10
113 5
90 5
783 6
1072 9
576 8
320 1
783 4
959 8
1433 2
1490 6
33 4
1035 8
381 7
1026 2
1364 6
1245 10
1304 9
1552 7
1332 8
1012 8
1073 5
451 10
480 9
572 6
195 9
81 2
684 1
1023 2
904 2
1330 6
1352 6
1310 10
167 8
335 9
73 2
1170 9
89 10
449 8
477 9
109 6
800 9
275 6
968 5
209 9
1502 5
1412 2
272 10
1218 4
506 5
653 3
883 9
1339 5
364 8
560 1
1047 3
1430 1
550 6
600 5
1052 3
1129 2
1332 8
61 2
235 4
512 8
928 1
1106 10
1537 6
610 5
658 10
706 1
1382 8
223 1
370 1
1165 8
416 9
912 1
1129 4
1393 5
1497 3
1093 2
771 2
227 8
159 8
1286 2
1427 1
1425 7
924 1
232 7
1246 7
1364 7
1387 2
1578 1
328 1
927 9
202 10
896 10
1280 2
220 5
1001 3
509 1
1235 7
1126 5
604 9
692 9
885 6
1110 10
881 6
970 7
935 3
450 3
727 8
1332 2
1451 6
1485 2
454 6
1312 5
640 1
568 5
1077 9
1458 3
1562 7
243 9
321 8
1332 6
1271 9
1438 6
744 4
77 9
617 7
719 5
721 1
1365 4
394 3
770 9
344 5
800 8
780 2
663 5
445 8
606 4
529 4
682 7
1527 3
174 2
259 9
1495 10
1228 9
142 9
605 7
897 6
229 6
1400 3
1448 3
347 3
945 9
1220 2
1354 9
1442 7
620 6
1146 5
1496 10
1536 6
274 5
1150 6
709 9
296 7
690 2
1210 3
1386 7
1522 3
1548 6
531 5
636 6
107 4
1377 9
1439 8
618 7
411 8
1445 1
1372 3
582 8
1277 10
1502 8
551 7
520 2
1010 5
1265 2
89 5
279 4
872 10
680 3
711 3
1044 6
1439 5
1366 1
858 5
743 3
1047 10
414 5
1118 6
1110 2
899 6
198 10
481 5
104 5
1190 4
1295 6
59 2
156 3
242 5
301 5
70 1
13 3
1493 7
373 4
1083 8
317 10
1409 8
568 3
1266 5
1483 7
237 5
489 1
731 10
578 1
609 4
615 8
961 1
988 2
1485 3
285 2
144 2
1141 7
451 2
1448 9
252 10
1461 8
1263 4
94 5
483 8
455 10
364 7
1422 3
1198 1
1231 7
1547 8
36 2
93 1
953 8
332 9
1440 7
214 3
1589 9
1077 10
149 8
711 8
1553 7
105 7
1472 2
1471 10
1324 8
1360 4
238 6
357 7
662 10
671 8
894 7
936 10
292 4
210 3
1242 1
596 9
1054 7
84 3
226 7
346 2
1093 3
471 2
888 2
1556 6
454 10
912 2
452 2
703 9
1071 5
1401 6
172 1
502 2
106 8
393 7
1154 10
1300 6
1518 4
1260 7
1443 1
1531 2
102 5
161 3
1386 4
394 5
1135 3
1560 9
1593 1
129 9
749 3
54 8
585 4
657 7
673 5
602 8
912 5
775 5
1578 3
1544 10
12 4
48 2
51 5
1478 8
1036 1
644 10
909 2
555 10
816 8
120 5
974 1
676 10
1012 3
949 7
800 1
1545 6
1538 2
211 8
1388 6
830 8
1144 10
1424 9
671 4
693 10
798 8
811 4
181 9
88 3
1137 3
1153 5
495 4
1119 7
1168 1
1406 4
1100 5
1141 7
1541 2
187 9
196 6
275 6
290 1
500 5
1175 5
1270 8
332 1
423 10
199 3
343 4
1296 9
1074 9
35 10
1256 6
1524 10
736 1
1464 4
703 2
1089 9
1121 1
1397 3
1431 1
1020 7
1335 6
846 7
105 9
588 8
1257 1
123 1
1065 2
729 9
737 6
1333 3
255 6
333 6
1209 1
577 1
321 5
584 6
862 7
884 7
208 9
414 3
1458 1
313 5
5 9
118 7
730 6
553 8
176 7
836 7
678 6
596 4
813 4
994 8
19 8
233 4
854 4
628 7
1459 7
800 3
854 10
173 7
790 4
1260 6
9 9
1316 8
162 4
776 10
1167 9
937 1
1249 2
638 7
164 4
978 6
1577 8
145 4
605 7
1375 4
973 2
1330 5
1520 2
163 2
1199 4
1022 9
448 1
1102 3
1233 5
154 7
1503 7
1345 9
804 7
837 4
1111 10
1347 10
388 1
711 5
1338 7
1067 8
829 9
939 10
149 8
254 8
774 5
482 6
581 10
744 3
968 6
1095 6
84 8
285 10
502 7
993 5
368 4
577 2
1128 8
173 3
396 8
1265 2
1305 7
388 8
1147 5
1193 1
1268 7
1503 3
540 8
1302 7
984 1
733 5
1322 4
1175 3
448 6
526 10
108 8
832 9
321 4
796 6
818 10
1030 8
1233 1
150 2
354 6
1161 5
56 3
1236 2
250 5
648 5
1391 1
159 10
903 7
1181 3
1328 2
1578 9
1298 8
665 7
71 2
859 3
696 3
999 6
966 7
270 7
319 8
1545 5
674 9
903 6
482 1
1151 4
254 2
649 8
1320 2
1139 3
204 2
710 5
1026 6
1234 9
1355 7
97 4
137 5
796 10
205 4
1255 8
242 6
1495 10
413 9
1413 3
1023 4
756 2
1205 8
1064 4
638 9
455 3
1376 6
997 6
127 10
162 6
1299 9
105 3
1359 5
740 5
1443 5
58 4
823 7
418 9
995 8
743 6
1436 4
1512 6
75 2
1080 10
1346 6
1533 6
767 1
491 5
508 3
641 2
838 9
979 1
1210 5
1550 10
330 9
867 5
923 7
27 8
629 3
673 8
359 9
123 1
1461 9
1377 8
1563 3
654 8
755 6
785 1
1400 9
1438 6
1443 1
1502 9
1272 3
734 5
120 6
135 10
477 6
795 1
942 10
933 6
816 7
1049 4
1436 3
1115 1
422 2
314 4
1225 7
719 9
1424 3
1497 2
1588 7
475 8
1238 9
52 2
1499 4
93 7
472 3
538 1
551 2
1111 6
1591 7
876 3
1200 9
1510 7
261 6
509 1
817 4
1154 4
1437 7
611 6
1212 9
258 6
1224 7
943 2
846 1
1588 10
83 6
108 4
294 3
911 3
141 6
1455 3
306 7
550 10
1502 1
990 9
128 10
423 10
781 2
290 4
642 1
501 8
946 10
1290 3
1517 9
1575 3
269 2
320 1
30 8
618 1
600 6
707 10
1432 6
257 10
538 6
972 4
1497 8
1135 8
704 9
777 6
1172 2
1467 10
1525 7
523 4
1431 9
1022 6
794 5
1426 2
1519 5
145 7
1331 6
22 7
845 9
1205 8
119 3
1342 7
379 9
1075 6
537 8
260 9
262 4
775 1
111 6
952 8
1134 10
811 1
918 6
1526 7
922 4
1108 8
257 6
933 6
257 1
804 8
1550 5
106 7
1310 8
1218 6
1186 8
1086 6
1564 2
1414 8
86 1
1342 4
77 6
900 5
1591 4
256 9
1256 2
800 1
630 10
907 6
1534 3
1176 5
1241 7
1119 7
462 2
747 5
112 1
797 3
96 2
360 1
1292 6
928 5
1042 10
1571 5
199 1
374 8
517 9
541 4
677 5
1335 9
212 8
1272 10
397 5
111 8
1127 9
1147 6
270 3
95 6
1317 1
1473 2
202 10
1321 10
867 9
676 10
1004 5
1074 3
390 6
583 6
1480 4
482 5
1199 6
691 3
729 9
924 2
1108 8
1515 8
67 1
1075 3
944 5
1418 9
318 10
524 8
1558 2
373 10
1266 2
1121 6
1229 8
1519 3
23 3
168 6
301 9
1097 10
1171 3
1483 8
1399 3
489 9
454 8
1348 8
1484 8
109 1
281 1
546 7
1247 4
496 7
468 7
986 10
1298 9
204 6
495 4
1480 4
922 8
1403 7
981 4
1192 3
1250 2
1565 8
1471 6
1261 6
70 1
88 2
223 9
14 2
800 5
870 5
1209 2
466 4
509 4
686 6
1174 9
291 6
156 8
775 3
483 5
1263 4
54 7
178 2
794 4
303 6
1123 4
578 6
1223 10
3 4
64 6
326 1
1280 2
1055 5
965 3
1323 8
1480 10
778 1
1301 1
1072 4
711 8
907 3
1036 8
1412 8
1489 4
956 9
1288 10
745 8
749 9
1194 7
733 5
1171 2
509 8
901 8
1209 2
1494 7
420 9
997 3
1175 2
1185 2
764 8
493 7
400 3
1375 9
622 2
989 6
1082 2
309 10
367 10
445 1
501 7
583 1
1048 9
1477 3
1196 8
727 8
1123 9
131 4
341 1
359 8
387 9
1594 6
362 3
1078 8
1480 6
498 6
379 10
909 7
980 7
1273 7
260 9
747 8
830 3
98 6
467 3
617 2
743 8
1220 9
93 4
302 10
417 9
66 7
770 9
1120 10
1151 1
825 7
1075 2
933 1
1581 10
1058 2
1382 5
163 9
953 8
1329 3
376 1
644 3
79 9
1376 9
1405 2
807 3
1131 7
1275 1
55 5
542 7
1142 8
979 10
154 10
1086 5
775 7
448 6
569 3
1561 4
1061 9
1072 6
1139 10
422 6
740 9
593 10
124 8
1409 7
470 1
1001 5
1259 9
1362 4
1051 8
1126 1
1102 3
1368 2
1286 9
1319 7
917 4
1170 2
361 3
102 2
1261 3
1311 10
74 4
1381 2
1399 10
733 4
1197 5
728 1
1043 10
1219 8
500 6
1157 1
1558 4
902 3
861 10
110 3
245 3
429 4
771 1
985 1
737 3
866 8
948 7
545 7
564 9
323 5
1300 6
1440 3
356 10
689 6
989 5
808 6
938 7
1479 1
42 5
491 1
1546 5
267 8
56 2
57 8
768 6
930 6
1217 6
113 7
568 2
284 4
1528 5
295 4
582 1
329 6
236 5
919 3
1287 6
1404 1
1566 1
1175 7
278 6
932 5
1377 6
1402 10
1594 5
269 7
626 3
525 10
1001 5
1460 6
879 8
1585 6
464 5
278 2
394 9
1399 5
973 3
1236 5
1342 10
1383 3
1281 2
1541 7
985 5
1087 9
1544 3
1591 5
6 5
378 3
1302 8
1567 1
465 9
1566 2
1257 5
669 8
556 5
1035 5
898 7
984 9
1227 7
1577 4
793 9
560 8
1189 5
1271 5
1394 2
18 9
139 4
1471 3
298 5
1396 3
1281 10
952 3
209 2
369 5
1348 9
1197 10
24 3
254 9
277 6
278 6
988 1
225 3
1574 5
652 1
652 1
667 10
1035 8
1123 5
1196 8
1253 7
1408 9
1493 1
481 3
278 8
1523 4
210 10
570 8
1067 7
1048 8
1225 8
453 10
239 9
966 8
1253 7
227 3
676 5
723 3
662 6
830 3
841 9
905 3
1453 8
1563 2
352 10
56 10
1224 8
523 7
957 6
483 10
1133 6
454 5
945 4
1384 8
372 8
126 5
198 10
851 7
152 7
900 3
1100 3
324 7
758 7
1366 5
46 7
1393 4
446 4
259 8
1316 8
1444 4
1474 8
366 4
424 1
516 10
656 6
1575 9
1210 7
1018 5
1470 1
495 5
355 8
1054 1
1549 6
161 8
1022 10
1078 4
696 4
317 2
558 7
1379 8
1581 2
1037 5
1098 9
1135 9
1164 1
1436 10
261 4
265 9
894 1
1486 3
1510 5
196 8
652 10
677 9
1167 10
1448 5
862 10
870 5
1420 8
1493 1
430 6
464 1
1277 6
1477 3
1467 8
1174 9
648 8
315 10
1095 7
1125 9
1350 1
66 1
280 6
990 1
1197 8
13 6
1529 8
1333 6
1481 4
28 6
528 4
516 8
1451 1
217 2
746 7
884 6
1142 4
31 6
523 5
217 5
569 8
1058 10
25 3
1450 9
1282 8
559 9
1367 6
801 5
986 8
1416 9
178 9
395 4
716 4
217 10
974 3
1270 9
1330 7
1404 8
262 3
311 5
599 10
656 5
343 3
526 10
1183 10
778 5
1251 9
1582 6
667 9
960 10
877 3
596 5
1158 1
1518 4
541 6
1197 9
1360 3
97 1
224 3
754 2
1593 2
681 5
869 6
1024 8
1328 5
1417 9
1523 8
287 8
503 3
1059 7
1283 5
679 5
1162 2
295 7
282 2
1028 2
1072 4
1445 9
1503 1
1595 6
757 7
855 1
1089 1
495 7
1101 9
1316 3
751 7
308 1
1155 7
756 10
769 3
140 8
164 5
478 1
336 6
386 9
768 9
775 6
1265 7
1532 2
814 4
108 7
875 10
1557 6
609 6
829 6
266 9
90 7
40 2
1551 8
1115 6
1321 4
40 3
251 10
639 6
1525 3
1220 7
1599 2
1338 9
1494 1
136 7
499 2
246 5
1145 4
293 10
759 9
887 1
1 4
112 2
218 9
600 3
738 4
1347 10
1516 8
292 7
379 4
489 9
457 2
981 10
1156 4
336 3
437 10
528 10
462 5
884 9
348 1
1010 1
1329 2
848 2
825 5
1103 4
1210 3
1402 8
389 4
1192 3
31 4
1272 5
1527 7
700 7
891 10
1342 7
1345 9
225 4
397 4
558 3
1086 9
1418 4
664 4
1215 10
1470 4
228 4
417 7
457 2
1218 7
749 9
1026 6
1313 3
1488 7
373 1
418 7
1292 6
988 4
367 4
1264 9
1036 6
733 3
1548 8
120 1
228 2
392 2
1324 8
1061 7
695 7
1137 5
747 6
1480 2
436 1
1217 9
890 9
405 4
929 4
1394 1
335 5
895 5
1078 3
1294 3
1117 10
1136 2
535 2
1 9
1259 8
1559 10
519 9
899 4
901 2
1031 2
108 5
584 9
415 7
299 4
104 3
1536 3
730 1
832 8
937 3
224 7
334 7
483 1
849 7
282 4
949 8
1295 3
1325 3
1347 3
1538 10
83 3
583 10
1537 9
152 7
1568 3
880 10
1133 10
1517 2
81 2
499 9
932 3
1350 7
1489 1
9 7
281 10
1326 5
986 6
1098 7
561 5
1340 8
1514 4
549 5
613 8
1097 5
514 8
503 3
248 4
278 6
108 7
823 4
1232 2
1311 3
1424 9
1438 2
307 6
781 5
1162 8
337 4
414 8
1238 6
1153 3
1597 3
49 2
315 9
1134 9
1108 10
820 5
1095 2
1194 4
1375 6
675 4
1430 1
1139 5
159 6
339 10
1196 9
922 7
1551 5
295 9
1035 8
1469 7
287 3
1303 7
1129 9
258 1
316 1
493 5
804 3
998 6
575 9
1132 6
0 10
316 9
1405 1
1337 6
1087 7
493 1
1201 7
831 7
1178 3
92 3
656 3
268 2
1389 6
1440 3
102 10
151 4
215 2
328 8
1115 4
1222 5
1501 7
1121 7
1275 2
166 7
1304 6
42 7
164 6
174 10
1012 1
1262 1
109 8
879 8
1227 4
865 8
940 9
1003 5
1110 10
56 1
153 1
490 8
1287 3
618 8
1180 10
263 3
384 6
1382 8
110 1
635 1
731 7
967 9
1306 9
1427 7
1448 2
1470 5
537 9
1145 3
600 9
985 1
1140 2
1405 3
540 6
705 1
1254 1
137 6
1199 8
1210 7
509 10
72 3
851 1
728 7
1365 2
1281 5
377 8
1401 5
1264 7
767 8
763 3
1462 1
276 9
286 7
311 4
383 5
615 5
635 4
1549 6
699 3
553 5
821 5
1235 2
187 6
313 4
571 5
52 2
735 1
999 7
1157 9
734 1
835 4
951 5
970 7
1415 5
534 1
1553 3
1177 1
224 3
1060 3
637 3
537 6
1241 6
1302 3
421 2
691 4
1038 10
367 4
1407 8
89 4
630 9
814 2
69 2
565 5
1268 5
1413 10
237 7
1466 3
247 2
971 5
220 7
810 5
976 6
1290 10
1479 2
1232 10
752 5
1399 8
622 8
504 3
566 6
77 3
146 2
451 4
1133 5
492 4
550 3
409 9
910 10
915 9
1022 10
1046 2
1355 6
1478 3
1547 2
614 8
894 10
1587 8
195 7
355 3
1042 2
1060 5
1318 3
12 6
672 7
395 3
1275 8
944 4
1436 8
1560 3
258 9
621 8
905 1
700 6
594 5
1082 10
1199 10
117 8
1316 10
1222 6
1090 8
1131 7
523 3
614 9
697 9
849 8
157 2
19 6
260 4
790 5
1467 2
434 9
683 7
930 5
907 10
1511 8
1208 8
202 5
1410 10
742 5
150 10
205 1
411 4
431 1
795 2
857 6
1325 9
1368 7
338 2
679 2
1311 10
1286 9
812 6
570 6
1463 2
1477 5
233 6
683 10
1250 7
563 2
132 4
1569 1
241 7
399 10
682 7
1038 3
1132 2
831 1
31 8
660 7
125 5
1039 5
43 8
855 6
1247 2
26 6
363 3
913 5
690 9
342 5
1310 5
1115 10
160 4
328 1
1432 10
1306 5
890 8
1310 1
1407 2
229 7
436 4
1356 1
428 2
1551 1
1349 7
1555 7
55 1
732 3
1346 5
855 5
819 10
825 2
1160 7
1524 1
1569 10
140 7
375 3
616 8
1264 10
1123 2
880 1
1176 6
1530 9
261 1
427 8
888 5
776 1
1320 2
148 3
1148 3
34 7
266 4
235 8
66 2
53 8
282 9
287 10
568 1
732 8
1304 3
266 10
802 1
435 5
684 9
305 4
912 8
640 6
1220 3
356 3
866 5
683 3
1134 8
1051 6
1387 8
463 5
494 9
407 5
623 9
1526 10
5 1
485 2
637 1
209 2
1113 2
1529 6
1217 1
820 8
1003 5
784 1
165 3
395 1
344 10
949 7
298 1
1005 3
426 5
432 8
550 5
1464 4
912 2
849 7
967 2
1062 10
1224 5
1471 3
524 5
588 1
610 3
629 7
1517 1
1060 7
1007 6
684 6
820 10
1233 6
143 8
544 10
765 1
132 2
1372 3
66 8
75 2
138 10
219 9
359 10
584 6
613 1
676 5
47 4
805 2
960 7
1412 1
1538 1
368 10
1143 8
823 5
798 6
1380 3
1460 8
158 10
495 2
381 8
149 9
1378 4
1401 2
582 2
713 5
1408 7
1480 3
847 1
922 7
893 9
376 10
990 7
1028 7
1568 5
38 2
66 6
248 10
1272 2
1146 8
474 6
475 4
772 1
299 9
247 9
247 4
1565 6
1590 3
99 5
169 9
1083 7
570 1
385 3
337 10
277 10
108 9
1017 7
1478 9
1046 9
1130 10
56 7
127 1
427 3
1446 5
1433 6
953 9
1030 10
908 8
1394 10
1369 1
103 2
963 9
1377 7
121 6
1190 1
1316 3
1243 9
297 10
543 4
750 5
937 7
1197 6
1298 7
374 7
1593 5
1402 2
1125 3
1309 2
153 5
351 10
1051 8
957 10
23 3
1155 3
393 4
649 9
1147 2
294 1
1367 1
1156 3
916 8
1045 2
1125 1
1531 1
61 10
67 7
269 4
611 4
585 5
1484 7
1321 9
1465 5
572 1
753 2
807 9
879 7
400 3
1206 1
63 4
468 7
562 10
1427 10
555 6
1424 9
24 2
411 4
595 3
349 4
167 2
350 4
872 2
1403 9
389 4
528 8
284 7
779 6
844 6
1252 7
1564 6
462 10
1298 7
1042 2
890 9
1076 4
295 1
480 9
494 8
527 1
593 1
1368 9
1004 4
608 5
542 3
1424 4
422 7
674 5
1597 2
1144 1
1168 6
1531 3
1592 5
767 1
452 1
1051 10
1173 4
1456 8
391 5
85 1
119 1
824 4
1089 1
1013 5
1079 1
719 3
590 8
1135 2
1112 8
548 7
877 6
253 4
778 2
859 8
104 4
290 10
288 2
1116 5
128 6
458 5
795 9
627 3
1400 8
911 7
1414 9
268 7
323 1
639 6
1563 5
1142 4
1278 1
1058 1
1283 10
1304 9
1587 7
1077 3
1091 5
1209 3
1392 5
1224 8
27 10
741 5
1322 9
272 8
292 3
589 1
28 6
1568 7
528 4
473 3
983 9
754 6
1438 3
1310 1
1374 8
1395 8
466 9
541 4
178 2
1197 9
1339 1
1436 9
33 2
685 4
740 2
830 7
359 8
858 6
1456 1
1191 6
1253 8
135 7
526 8
574 7
1110 1
979 9
1005 5
1569 1
578 4
1467 7
204 3
1361 7
1418 9
1539 5
1495 8
898 8
1098 9
555 10
468 1
763 10
133 5
837 1
384 3
772 8
775 10
715 5
1533 9
853 2
1022 1
733 5
1428 4
1253 3
1569 10
981 9
120 10
271 1
1510 10
1 5
842 1
870 7
1307 5
566 7
779 5
1342 5
1524 7
712 4
926 1
998 9
1059 4
1464 9
803 4
1037 4
291 7
1270 5
993 3
1027 4
1516 4
452 10
624 7
694 5
473 5
763 2
208 9
91 6
207 5
1591 8
1276 9
1282 1
1309 6
182 8
1253 6
1354 1
31 2
150 4
1396 10
1482 2
70 10
252 4
401 7
458 7
134 9
434 2
1163 4
686 6
549 9
125 3
1058 4
989 7
1198 8
1464 3
1518 4
528 8
622 3
656 3
814 7
1477 10
1309 9
1230 5
328 6
988 4
1395 10
722 7
757 1
1287 8
912 9
1153 5
1501 10
30 2
555 9
1554 2
1333 2
705 8
1417 4
861 5
91 6
1134 1
964 6
1031 2
1584 10
50 7
1041 7
182 8
1028 8
1016 2
735 4
122 8
1350 4
268 8
274 10
472 9
541 7
387 4
980 9
1216 4
109 1
183 4
819 1
548 4
394 1
145 10
1322 2
365 10
568 9
321 1
85 2
1248 6
178 8
31 3
40 10
1340 1
1187 1
1139 10
1215 9
1234 4
1434 1
248 8
1440 6
656 9
1165 8
877 10
1061 10
1532 9
217 9
822 1
241 7
1575 7
426 7
1179 1
53 10
127 2
1162 10
1414 8
798 6
196 10
1014 7
1106 9
386 10
416 8
586 9
1067 2
1175 5
1334 10
536 7
579 1
946 3
220 2
1472 7
1520 2
82 3
1055 3
781 1
1275 2
1558 6
694 2
1587 8
1048 8
897 8
1398 3
706 7
749 8
774 7
1591 7
91 9
998 5
1282 4
1000 3
867 3
905 5
1034 10
14 9
32 4
199 3
659 7
731 1
882 1
1399 3
879 3
428 1
1215 1
241 2
259 4
397 9
1236 3
1198 4
820 2
125 2
131 2
542 4
543 10
1500 9
1427 6
354 4
682 1
763 5
758 6
444 8
2 10
885 1
1383 9
10 7
75 9
67 6
921 7
1521 7
1249 3
1428 10
753 6
921 7
46 3
1244 9
1254 9
1486 6
85 1
504 5
814 6
1191 8
911 3
261 3
558 3
805 8
63 4
1567 1
263 1
1131 5
911 7
156 6
1382 1
408 4
833 5
636 10
234 1
105 9
1525 7
667 10
538 7
1033 5
451 5
1305 5
993 4
864 1
22 5
122 2
1306 9
863 1
1220 1
1073 7
1175 5
1529 2
121 9
7 5
726 8
1284 10
769 5
1159 1
1300 7
637 8
1511 9
1442 4
148 3
408 2
569 5
599 9
850 3
1426 1
420 9
1255 6
942 5
1232 6
1373 6
23 6
456 7
1507 4
1124 1
111 6
52 8
346 6
1040 10
679 6
1536 1
186 1
822 7
1366 1
1542 4
608 5
667 5
44 3
455 9
180 6
388 10
1136 7
1185 8
161 1
213 3
503 10
797 2
907 6
1217 8
1552 1
1423 9
1258 4
1428 8
464 5
896 8
268 9
100 5
1216 1
9 7
685 10
1312 9
173 6
356 3
577 3
677 3
805 6
841 10
1147 8
64 6
1273 4
1542 1
46 2
243 2
15 7
1131 6
155 9
1190 1
1065 3
305 4
328 8
726 8
795 7
851 3
1397 8
1081 9
644 8
295 9
906 10
45 7
708 10
764 1
1520 9
937 5
1286 9
1356 2
246 9
490 6
281 2
12 5
62 7
894 9
1577 3
851 1
24 2
225 5
207 6
481 9
1342 3
1427 6
1411 2
260 1
672 6
538 7
1556 10
693 9
1056 3
1421 1
1425 10
372 6
1206 8
134 7
855 1
489 6
1529 4
90 9
267 9
1002 1
284 7
1248 4
76 10
690 1
154 8
1380 4
1592 6
4 6
103 2
518 2
765 5
143 2
1555 2
1481 10
1000 3
113 8
1543 3
701 9
1530 2
799 9
761 8
954 8
450 7
695 10
1245 3
171 10
1425 9
1341 4
312 4
782 9
1008 1
1205 10
1041 6
1309 7
247 7
278 5
282 5
666 1
745 10
1595 6
1003 5
881 9
516 7
1569 7
314 2
365 10
454 1
702 5
1228 1
394 7
1065 9
904 5
103 3
197 6
404 5
874 8
488 10
1198 5
1025 1
1536 3
848 8
1408 7
1425 8
496 6
1201 9
1442 3
21 4
136 7
364 9
818 8
648 7
1571 7
1067 6
236 9
1283 4
1407 8
73 5
505 6
472 4
703 4
1059 9
299 9
659 3
592 5
1311 3
918 6
980 8
703 2
1417 7
615 8
1568 1
1362 10
636 3
1220 8
1183 7
1371 1
557 7
1297 2
559 6
1038 8
1080 8
1090 7
1182 2
1453 4
343 5
478 2
1243 9
895 5
912 10
1390 5
747 1
850 5
383 3
656 3
1371 4
1316 10
32 9
879 10
1337 4
972 9
1001 10
1062 10
130 10
751 10
872 6
77 8
613 3
593 6
169 8
315 2
788 8
1103 7
1590 10
1180 6
234 6
1047 7
1225 1
428 3
620 7
525 2
1183 3
930 3
1355 10
1462 4
1495 8
14 2
156 7
312 10
744 10
257 3
282 9
1051 7
1400 3
580 3
858 3
860 7
424 6
807 7
376 8
389 5
484 1
519 2
524 5
768 8
774 2
831 9
904 10
209 4
1523 1
40 10
1377 2
1420 8
1455 6
258 5
759 5
1064 5
1278 5
94 3
1125 6
1055 2
52 4
1444 3
1243 6
1504 5
453 9
1453 8
744 9
228 2
1529 8
176 4
468 4
1392 4
793 8
444 1
1500 7
633 4
1523 8
1078 5
1111 7
1158 2
284 2
589 6
1274 2
900 6
421 3
958 10
1579 9
642 3
86 5
1349 8
1491 6
1357 2
1387 7
1479 3
1582 3
856 7
857 7
1342 4
349 10
418 2
1566 10
192 7
362 3
606 8
717 7
1193 5
589 4
781 7
1254 3
467 8
569 7
1337 1
1410 5
299 3
1255 9
58 4
600 2
486 1
1534 7
154 6
1467 4
1179 4
1032 6
413 9
1064 1
184 10
207 7
823 1
958 4
1034 3
488 9
1204 9
1298 1
1317 9
1060 1
1069 8
483 1
1099 4
1070 10
161 7
595 5
1543 5
252 3
1237 8
1291 6
701 4
100 6
751 5
909 3
640 6
1152 1
1453 2
128 2
1374 10
965 2
453 9
709 3
1219 10
643 5
573 6
590 6
624 1
417 7
23 5
955 8
1282 3
1342 6
1142 7
948 4
1007 10
246 2
448 2
490 3
242 10
190 7
969 10
55 2
516 10
1128 7
1482 10
1488 9
545 1
880 5
705 3
790 7
1231 5
1385 8
1493 6
639 7
977 3
549 10
1031 9
401 5
1581 8
1086 8
726 9
1302 7
1583 2
76 5
91 1
284 6
140 8
1397 1
1335 4
1345 3
1385 3
573 10
867 5
1540 6
1265 2
1008 4
378 6
441 2
579 2
51 7
468 3
1586 9
1364 7
396 9
746 4
1156 6
1398 3
601 5
346 2
1171 5
1533 10
1067 4
497 9
658 4
846 3
1399 1
1208 6
582 10
1263 1
179 4
1098 3
1266 8
1540 4
1100 1
47 4
934 4
637 7
951 3
435 1
1027 5
87 5
283 2
314 7
527 7
773 7
706 8
990 7
1105 8
1042 5
973 9
1350 6
1238 7
308 1
322 4
353 7
948 3
1080 8
1145 2
1400 7
735 5
1088 1
1257 7
244 10
470 1
650 3
588 8
153 4
1264 4
299 1
393 6
443 4
513 8
297 6
787 9
961 10
625 8
974 6
1363 7
890 8
976 1
1135 5
1093 7
1142 6
1239 1
1506 7
933 8
471 10
1445 8
1266 9
1369 8
1423 10
112 9
353 5
614 9
346 4
426 10
1506 8
792 10
244 7
227 7
657 6
1559 7
97 8
238 2
431 6
919 10
1004 1
926 4
62 4
1246 3
1301 3
475 8
15 2
1470 10
1098 4
1314 5
677 10
156 5
778 7
1259 2
1157 1
23 3
953 10
997 8
1349 10
509 1
354 9
1073 8
1340 6
442 1
1568 9
375 8
1383 6
55 8
1165 3
217 10
788 9
1121 8
1204 9
1297 2
833 6
1247 10
1021 6
1315 3
1558 8
263 7
335 4
388 1
612 3
1468 2
931 2
559 7
234 8
655 8
298 5
1521 7
166 10
728 9
1285 6
774 2
381 6
992 9
1553 6
480 5
396 3
1207 2
550 6
1490 7
1491 10
1495 4
14 10
57 3
935 10
10 2
310 3
976 8
1409 4
490 7
395 1
1126 3
735 7
1525 8
741 5
1215 6
389 10
1536 5
334 8
584 4
906 9
1130 6
1347 9
110 6
546 2
950 9
1421 8
645 3
380 10
1202 9
1308 6
49 6
526 1
675 3
953 6
116 4
1000 7
1204 6
1113 3
1372 10
1075 4
1220 2
1456 1
45 4
954 1
969 8
1170 6
1075 5
741 6
939 3
1071 5
1071 9
1059 3
1290 3
35 5
117 4
545 6
1113 2
234 7
312 8
321 8
457 1
628 10
816 9
237 3
568 1
1039 8
1286 9
161 5
277 5
620 7
836 9
1067 4
102 7
900 8
4 1
1041 7
410 4
606 4
821 9
1318 1
692 10
1218 1
1383 7
445 3
77 4
128 7
1120 9
76 3
811 9
1524 1
1199 5
1004 9
1217 9
553 1
114 8
648 9
1175 1
447 4
637 1
729 1
646 5
1183 1
74 2
84 5
277 2
710 6
605 10
674 8
60 6
1237 1
88 6
1336 3
1478 1
1528 7
652 1
698 4
830 4
509 2
1500 6
4 6
113 3
422 5
448 3
639 5
1098 10
829 7
617 6
194 9
274 4
442 2
670 1
949 7
1290 2
1097 1
581 9
782 7
1114 8
31 5
293 7
302 7
64 1
1229 1
1233 9
63 5
188 2
967 9
349 1
1079 1
1097 2
1116 10
551 5
824 3
863 4
426 1
1403 7
1248 1
1279 5
1285 7
1421 6
1548 7
541 8
997 9
233 2
1019 4
1046 8
1083 8
365 6
566 8
1498 1
1474 8
33 8
184 10
337 3
1231 2
1218 6
288 4
384 8
616 3
961 8
994 9
82 1
67 1
1231 5
564 6
278 9
719 6
849 5
823 9
22 6
1268 3
1088 4
1399 5
175 1
735 7
558 6
1425 3
356 7
1492 8
27 8
201 4
284 1
850 3
889 3
974 7
329 3
282 9
12 3
1581 6
1547 1
60 10
264 8
489 3
644 5
631 5
906 10
121 2
1361 5
886 1
1391 7
411 5
1033 5
133 6
772 5
894 5
96 6
296 10
726 5
1566 5
800 4
958 1
983 9
599 5
185 10
816 5
1463 2
164 2
773 3
1013 5
1069 4
332 5
1509 4
11 9
332 7
380 9
775 6
385 8
368 5
934 10
450 1
1381 1
1540 10
893 1
942 4
186 8
1570 4
26 8
253 8
1374 10
1067 7
160 9
502 5
694 1
1443 7
1377 10
283 10
1500 10
206 4
1487 10
1301 6
1086 1
1428 7
477 8
725 1
1425 3
526 3
1531 8
803 5
1510 4
292 10
1005 5
1190 5
1474 10
116 8
1434 3
844 7
44 5
118 9
1110 9
1187 7
1186 4
1286 9
1534 10
190 8
316 4
835 2
429 8
1471 8
43 4
1278 9
1454 9
59 3
786 7
1497 4
1321 9
1050 10
1292 6
1540 5
662 5
330 6
1438 9
446 9
1309 9
374 4
994 4
1078 6
1266 1
357 6
536 7
363 10
1554 9
1348 9
1405 1
1530 3
1574 5
964 6
228 8
276 4
1355 8
1070 6
1370 4
547 9
585 6
664 10
744 10
820 1
426 6
1590 10
478 2
563 4
1315 7
387 3
149 7
1058 4
1130 10
1239 10
1493 4
312 6
679 8
40 7
896 1
1390 8
250 9
476 2
561 6
1355 5
697 6
1519 3
53 6
83 1
307 3
440 4
948 5
824 4
1525 3
1160 8
236 1
270 10
834 8
681 2
782 7
1409 6
31 10
1416 6
31 1
1254 7
1289 5
104 8
127 4
222 10
103 10
555 8
787 10
394 10
1487 7
167 3
305 4
939 9
833 2
1106 6
703 2
213 9
1204 4
925 6
1387 2
1213 10
1379 6
1475 9
57 1
84 9
1498 9
1002 5
353 8
862 5
1317 10
298 9
388 4
926 3
850 10
111 7
1588 1
476 8
648 5
278 10
1466 10
652 8
717 8
1258 7
1523 8
1530 9
1573 2
525 1
699 6
1564 5
613 8
1305 6
1500 4
665 5
824 4
1139 8
1532 3
1305 6
1183 7
1305 3
447 6
450 1
738 10
757 3
903 8
1441 9
310 6
758 5
979 8
1118 1
322 6
424 8
869 10
261 7
1513 4
1351 1
0 3
834 7
893 6
980 7
1279 6
338 4
1521 6
799 2
1503 2
949 5
595 10
745 2
41 7
376 7
635 10
22 7
397 4
31 5
1173 7
503 6
1454 4
1481 3
793 2
200 4
744 2
786 9
994 8
1159 8
398 10
482 3
230 9
504 10
908 7
225 5
1350 8
618 9
848 8
471 9
654 8
1368 7
574 4
1173 4
343 3
1299 10
2 5
275 6
1312 7
1017 10
116 9
1553 3
321 1
632 8
769 6
792 8
910 7
802 10
1459 2
312 5
482 3
1169 7
203 7
1410 10
25 6
40 5
259 1
309 9
153 5
245 9
456 9
1316 3
140 6
663 1
517 7
1354 2
302 2
1525 8
1450 6
146 9
337 5
612 5
847 3
1298 8
913 2
339 7
1128 1
1219 6
1546 7
1378 1
1537 9
402 2
884 3
56 8
1220 9
1386 9
471 8
1320 7
673 10
808 1
829 4
624 2
1023 4
1401 8
1122 3
1516 5
899 9
1171 6
823 4
680 7
977 3
1152 8
737 3
775 7
1373 5
927 1
745 5
1108 4
1169 9
1328 7
374 8
384 9
700 7
841 10
629 9
467 10
1285 7
15 7
436 10
774 10
906 10
317 6
324 7
469 10
251 7
1297 9
1314 5
139 1
165 3
564 4
913 5
926 1
1235 4
1085 5
1595 8
200 2
1572 7
537 2
895 9
1090 6
878 3
1586 3
118 1
162 2
273 6
369 10
408 8
80 6
1145 5
1145 6
1376 4
1558 3
1599 1
433 3
549 8
654 7
845 2
898 6
945 4
980 4
1009 7
87 9
1400 1
333 6
329 9
1186 8
1547 9
1184 7
1378 4
927 8
1453 8
1005 4
1089 6
466 1
928 10
1157 6
1021 6
343 8
429 8
977 5
977 9
519 5
1095 5
447 6
1177 6
1387 10
339 5
613 4
354 4
474 9
629 6
681 4
1435 1
477 5
961 8
239 1
864 7
533 9
122 6
599 3
1256 10
1118 5
1133 1
180 8
601 3
624 2
976 5
975 4
587 6
1327 9
1416 8
1512 7
227 7
799 4
138 4
514 10
809 3
205 3
491 9
259 1
664 4
702 3
619 8
917 5
1019 6
414 4
1270 2
134 10
1504 2
992 1
803 1
1491 6
951 8
138 9
903 8
567 10
1486 7
879 9
157 7
311 3
1257 4
86 4
271 6
617 2
747 10
1419 3
1228 2
461 6
508 8
785 7
111 8
1198 8
994 8
1102 7
1097 5
1337 3
1186 3
337 2
1371 1
1461 6
379 7
1064 5
285 7
1571 1
261 10
1338 4
1578 6
49 7
591 6
628 5
696 9
940 8
1011 1
1591 7
122 5
1127 9
175 7
1207 6
1262 1
721 7
210 9
1464 9
1145 5
646 9
1268 8
344 3
998 4
951 1
1362 3
1178 8
266 3
377 6
535 9
682 1
803 1
1069 6
225 8
1115 4
36 1
748 8
1065 6
275 9
903 7
1280 3
285 6
809 5
1153 8
1496 3
1092 7
1139 10
1444 7
154 1
1091 7
374 4
485 2
518 3
954 7
1275 4
147 4
265 8
469 3
174 5
1424 8
1314 1
669 7
1071 5
550 6
7 10
1342 1
715 2
1226 7
160 3
282 7
1597 5
131 10
1426 8
4 10
237 1
409 1
603 10
711 5
990 1
1083 5
992 2
1159 7
232 4
665 9
710 7
818 9
947 3
989 10
959 4
1180 5
1279 6
81 5
164 4
928 4
389 10
73 8
530 5
947 1
659 3
447 1
53 1
682 9
1522 8
1597 8
359 6
413 6
1083 7
632 3
547 3
107 7
19 6
1416 9
908 7
694 4
1566 7
156 5
1337 4
1355 2
1435 2
1451 6
1556 7
949 8
1346 3
107 6
385 7
1250 6
1598 3
483 10
1031 6
844 9
195 1
1226 6
1329 2
40 5
322 10
1307 10
176 4
1240 4
1457 3
590 8
715 10
600 8
1060 4
1135 5
1360 10
66 10
229 4
1557 2
260 5
1213 4
1216 10
117 4
505 2
816 1
1015 9
726 10
489 10
1487 4
160 1
577 6
917 7
548 10
73 1
1502 8
59 6
804 8
282 1
1380 6
1216 5
1236 4
771 2
975 3
978 2
445 8
1324 2
392 10
165 8
1405 9
112 6
283 3
990 8
8 4
1133 8
574 1
688 6
724 4
760 10
54 1
1089 4
1258 4
197 3
806 5
95 7
992 10
1176 5
702 10
133 8
1333 1
118 1
465 4
505 6
1039 1
1195 2
1074 5
1213 8
1486 6
530 7
594 7
134 7
442 1
27 4
82 1
982 9
623 10
1193 2
1273 4
1276 5
361 1
402 1
602 6
963 8
160 5
535 1
724 7
1452 1
251 9
1058 3
407 5
1593 10
116 7
1493 10
611 4
764 2
1279 4
652 5
180 4
618 9
1208 2
868 1
1298 10
1211 9
440 9
1374 5
41 9
350 10
439 2
669 9
913 6
120 1
793 1
189 5
791 3
77 1
489 5
632 1
970 3
1401 9
245 2
116 7
1086 9
427 10
597 9
359 8
936 7
1055 1
551 8
1496 1
1549 5
234 1
718 9
482 2
484 4
13 8
1345 3
205 10
228 1
972 6
1023 10
786 10
748 7
878 6
250 1
859 5
0 8
627 7
1303 8
1375 10
151 9
757 2
1225 1
719 6
102 3
1367 9
1556 9
114 9
218 6
658 6
744 5
1152 4
708 10
1074 1
1114 8
1431 9
1448 6
94 3
715 9
769 8
833 1
588 10
1555 10
373 8
522 3
584 8
804 2
954 5
1108 5
665 9
1439 8
1336 1
1184 7
1261 2
98 8
871 7
1482 3
702 2
64 2
1203 8
529 3
700 5
1373 9
1168 2
1447 8
178 1
1445 1
1294 2
124 7
561 3
716 5
1037 8
629 10
840 10
1091 10
225 7
1298 6
729 2
1519 4
510 7
1566 2
530 7
1197 2
1273 2
399 10
628 8
808 4
934 7
1248 5
325 4
672 4
954 6
1150 7
779 8
122 4
1551 3
123 1
528 10
198 4
801 1
293 2
319 10
690 4
729 3
951 2
1066 5
1087 5
1488 2
1066 6
1511 7
217 6
498 5
783 8
219 3
131 8
156 8
793 2
877 8
552 5
1322 8
597 6
144 2
265 2
1541 9
765 3
278 9
87 6
141 5
1528 6
1539 2
1462 5
13 4
37 1
170 10
346 1
370 10
499 6
120 2
1420 8
286 2
1142 7
1353 8
159 9
560 4
162 5
623 1
370 10
1133 4
1059 8
930 1
1181 8
434 5
529 5
1091 8
831 5
714 3
364 7
1572 1
0 6
391 8
405 5
421 10
521 10
578 4
241 10
1249 3
683 7
792 3
86 9
439 10
793 3
944 6
1480 8
1408 3
692 4
36 8
347 1
636 1
735 9
1070 6
960 1
1475 2
1415 9
1423 2
217 1
677 1
917 2
866 1
1097 7
1046 8
1304 2
1444 5
244 2
264 4
1027 8
763 7
1299 2
59 1
556 5
1535 6
1195 5
1173 6
1172 4
44 7
681 2
843 10
357 5
713 8
1587 9
1364 2
420 5
1277 7
828 4
250 3
665 1
1595 10
1493 10
1252 6
1344 7
1579 4
30 1
415 10
484 8
841 8
1474 10
962 3
292 4
370 4
442 4
447 8
284 6
345 3
1364 2
1276 9
1383 10
667 10
1264 10
544 9
83 7
28 9
132 10
530 1
1137 2
801 6
222 10
187 5
1052 7
1060 9
431 7
310 9
976 6
348 10
479 9
633 2
1551 2
222 4
615 2
1059 6
268 8
944 5
1594 6
603 3
43 6
1161 4
1506 8
584 2
1468 8
1599 6
1044 7
1049 4
1161 6
126 9
802 4
294 1
411 1
609 9
668 9
1500 1
179 1
531 5
554 3
616 2
643 7
1552 1
864 5
845 5
984 1
1179 3
1422 2
1439 10
1498 3
594 5
764 6
37 6
1116 5
154 8
1071 6
736 1
1325 6
1502 1
1088 8
1426 1
722 3
1482 9
213 2
288 2
925 4
1175 3
842 1
1444 2
727 10
908 6
1098 5
1268 9
1237 8
1298 1
1515 3
1152 8
403 10
1367 8
557 3
1537 8
1559 4
1469 8
903 2
1262 7
1507 7
676 10
902 7
909 3
985 1
83 8
1037 7
1358 8
170 5
93 1
156 1
168 3
145 9
1135 7
1068 7
1394 4
616 2
1575 1
871 8
1323 5
1334 9
1489 9
1598 7
591 8
1068 8
1084 3
1015 4
1515 5
1394 4
840 1
1015 7
206 4
1396 8
1570 6
1324 9
1396 3
1489 8
1365 9
205 6
40 10
216 8
16 10
298 5
649 5
1454 4
1445 7
1274 2
789 1
878 1
506 4
1217 8
1013 5
815 6
858 8
1415 5
32 3
66 5
13 6
158 2
304 5
695 3
606 3
98 4
1519 5
103 8
1274 8
1341 9
1412 7
922 5
1120 2
552 1
339 7
614 7
715 4
95 4
1118 2
1161 5
1571 6
1253 2
84 2
388 4
1338 8
1389 9
226 5
618 8
717 9
1375 3
152 3
1377 1
652 8
1225 7
1370 8
272 1
315 2
336 10
635 5
670 8
678 9
1141 2
651 10
1506 1
813 9
790 6
853 4
896 5
1083 8
1333 5
1316 8
829 8
512 1
340 2
547 4
600 6
730 8
983 5
358 1
1240 8
747 10
1346 4
1398 7
238 6
304 2
369 9
577 9
434 2
1427 5
1366 7
722 7
897 9
1230 10
1449 10
973 9
1387 2
1479 1
1136 8
1257 5
462 4
77 8
406 8
927 9
975 6
294 4
963 9
291 5
1031 4
1227 7
893 10
563 8
586 8
381 4
885 8
795 1
1347 5
459 5
968 2
136 8
1086 6
99 6
348 7
415 2
458 3
946 6
751 8
1123 2
276 4
1223 6
1358 1
538 1
609 2
615 2
809 3
662 7
730 7
694 3
568 5
499 3
193 3
1124 9
1426 1
421 6
1475 1
472 5
342 9
578 9
1537 3
141 9
1032 10
1109 4
208 6
1352 2
1118 8
1504 2
175 4
238 2
1384 10
971 6
851 1
696 10
430 8
840 9
1337 8
1390 10
11 6
342 10
1109 10
836 4
1112 5
874 1
1229 6
1458 4
413 5
701 9
771 1
872 8
1190 8
983 9
640 6
464 3
481 4
591 6
697 7
981 1
250 7
198 4
996 6
1221 9
1500 5
1505 7
1595 6
141 3
226 3
932 10
635 8
1055 6
143 8
67 8
246 1
689 7
864 1
902 8
1057 9
975 2
768 3
497 2
622 9
1340 8
470 5
288 5
1405 3
1218 9
724 5
748 6
1566 2
400 6
195 6
1452 5
44 7
1506 1
1208 6
611 10
1267 10
8 8
363 9
579 7
657 8
810 8
313 4
774 5
1435 2
429 4
1425 6
575 7
655 8
1132 1
1196 7
908 1
56 2
1427 9
1095 7
111 10
1350 3
1106 6
1359 1
128 10
278 6
726 4
648 7
1204 7
210 5
496 9
895 1
1459 4
1082 2
423 4
80 2
381 6
991 1
1261 9
13 7
602 8
1216 6
299 6
383 6
830 5
1201 10
404 6
226 6
1562 5
996 2
997 5
937 5
78 7
512 7
119 9
1356 9
8 4
106 5
319 4
742 10
712 2
237 4
867 6
442 10
547 5
555 1
991 9
775 6
840 4
561 9
304 1
489 7
1064 4
105 3
733 2
458 4
1579 4
1245 9
1374 4
1381 1
401 2
556 2
853 3
53 6
1112 4
325 3
645 5
1559 7
434 3
929 8
987 1
1180 8
319 10
373 10
1449 3
576 9
714 6
350 4
950 7
1414 4
368 10
1351 2
954 1
1451 4
1023 10
1555 10
133 1
1107 4
1199 8
260 6
1345 5
1420 9
1457 10
137 9
594 7
737 6
1250 2
1583 2
517 1
1596 10
28 2
1391 1
114 10
789 9
904 9
914 6
397 8
1572 6
857 9
1264 3
110 1
1518 3
426 9
891 3
1403 2
476 10
1235 9
472 6
1287 6
418 9
487 7
1564 2
17 7
958 3
605 4
964 10
434 2
182 4
758 2
1556 3
1583 10
390 1
839 6
886 4
993 1
1142 5
369 10
124 10
1443 4
464 2
471 9
545 2
1154 3
15 5
856 3
280 5
1447 8
62 2
77 7
756 7
1241 2
1105 6
606 2
1259 6
1305 1
1497 9
48 1
270 10
54 6
95 6
376 3
676 9
1322 1
189 3
1164 6
1405 10
798 7
815 8
821 3
827 6
1195 2
652 7
310 5
655 7
3 6
94 9
116 5
138 9
381 4
730 1
1029 7
922 3
857 9
153 1
194 10
235 8
867 6
923 9
1550 7
562 8
128 2
1479 3
534 6
593 2
1074 10
344 1
63 3
1321 10
235 4
537 1
1203 5
647 5
951 7
1081 4
1 2
1520 6
193 6
1035 7
1115 4
384 8
873 4
128 7
252 9
703 8
960 2
1250 6
631 9
133 1
521 7
543 6
101 6
607 6
1229 9
7 6
1135 2
298 7
634 3
1086 1
725 1
1403 1
1182 7
65 4
511 4
610 4
1587 4
946 1
1285 5
1401 6
1551 2
1580 10
232 5
699 9
732 7
764 10
1167 10
1244 3
952 4
1329 5
1313 5
239 3
502 2
552 2
685 7
942 2
1268 6
1476 6
1460 8
333 8
602 2
947 8
1019 1
508 5
955 9
1350 3
1579 2
1338 2
1223 10
66 5
88 10
998 3
1180 9
1265 6
552 7
740 5
1087 8
175 7
309 3
167 10
1535 7
221 3
1284 3
531 8
824 5
675 9
1078 2
1317 10
492 9
1567 3
649 5
1413 4
1473 10
571 3
597 10
695 5
783 2
100 10
271 8
450 6
67 6
620 7
877 4
1141 2
1120 4
918 2
1192 8
1189 2
1287 10
1360 2
1437 6
20 4
746 8
1093 4
724 2
627 1
1582 1
847 2
826 9
1120 5
1166 9
668 6
1163 7
83 9
501 10
20 2
1374 3
1301 1
29 8
808 1
913 5
1016 9
1562 1
1436 4
1340 4
183 7
191 1
1041 6
1123 4
1340 9
993 5
1098 6
172 9
223 5
423 1
612 2
1090 3
488 2
1537 10
51 1
203 2
646 2
650 10
393 6
731 5
1414 7
108 1
4 5
674 8
849 4
826 1
1471 7
933 3
438 9
1343 9
898 4
808 10
680 5
1384 6
331 1
865 10
114 3
1269 3
1364 1
1409 9
967 6
1061 7
993 7
1263 5
276 6
486 2
633 9
754 9
979 9
880 9
29 3
1015 9
1498 8
138 8
449 5
727 3
831 8
1274 10
1245 6
642 6
614 10
1485 2
413 3
220 10
14 10
1029 5
276 7
990 2
741 10
977 3
33 1
582 3
1445 10
369 4
929 6
251 7
1523 2
1526 2
595 6
698 6
185 10
1017 6
1455 5
453 4
1337 9
702 3
1138 2
47 10
339 2
336 5
414 9
455 10
506 6
97 4
706 3
532 9
383 1
299 10
1445 6
1374 6
903 2
964 2
246 4
363 1
1380 4
1063 9
156 10
558 8
799 7
927 1
1055 8
1124 10
1140 6
37 5
1180 1
605 9
790 7
164 10
565 9
1160 2
1468 7
1049 10
1585 3
100 6
334 1
521 6
638 6
866 7
86 7
21 8
260 3
613 1
1011 6
958 3
1277 1
277 8
1534 4
1407 9
425 7
553 7
647 8
940 7
737 3
440 3
718 7
1131 8
1530 8
725 6
767 3
1159 2
1337 10
808 9
476 9
552 7
863 5
1036 6
1037 6
1037 3
1250 1
761 5
864 9
305 3
728 9
1513 10
1531 6
1107 10
822 5
1327 9
1339 1
208 5
307 7
317 8
973 6
1599 9
1382 10
830 9
893 7
1019 9
826 6
791 2
1532 8
1530 9
14 9
479 10
591 8
760 5
812 1
1409 1
761 1
217 3
54 3
1514 7
238 5
754 10
900 3
297 2
634 10
712 3
1445 5
210 10
296 1
491 5
1050 7
875 9
1325 3
1264 5
697 3
1342 3
235 7
1094 1
1063 5
9 3
959 5
1385 9
223 10
254 7
1023 7
964 3
1409 4
155 8
544 8
661 8
748 10
789 3
1053 3
1198 8
15 8
1498 4
905 10
682 3
927 9
598 1
1270 10
1033 10
73 7
322 7
981 1
15 10
1388 2
745 3
228 3
633 7
1350 1
252 4
1562 4
220 3
765 2
1588 2
1057 7
560 2
599 10
688 4
1017 9
794 9
1334 3
1256 10
837 2
1147 8
810 9
1251 1
1421 6
553 4
1478 8
36 7
86 1
167 4
1185 5
612 8
1347 10
47 8
1598 4
515 8
700 8
1113 2
433 10
1187 9
1549 8
1312 3
213 2
753 9
706 3
1177 6
113 9
710 5
469 3
147 1
1357 6
1435 10
1075 9
1307 9
1334 6
193 10
1399 5
306 4
1060 7
679 5
1552 3
557 2
72 3
200 1
626 3
694 2
1264 5
400 7
373 2
1493 7
1106 2
675 7
1451 7
546 5
478 6
1441 2
586 6
448 5
183 7
392 2
381 2
477 8
492 6
482 8
490 2
832 2
1117 1
1198 5
537 3
670 6
59 2
164 3
212 7
1321 3
1327 6
1185 9
845 10
447 3
1586 4
46 6
143 7
536 6
941 4
219 9
596 9
10 4
1135 1
1352 10
1534 7
987 3
338 7
720 6
906 4
923 1
1104 4
1304 10
1083 3
379 5
1215 8
1293 9
549 7
689 9
1267 2
1085 4
270 6
221 8
1195 8
1386 4
201 2
1307 1
481 5
813 1
1540 9
403 10
840 1
1278 4
1279 9
961 6
194 3
710 8
1220 8
115 5
431 3
892 4
101 1
70 8
1192 9
1414 5
330 6
587 7
592 4
823 5
883 3
921 4
1095 1
1313 3
645 10
695 7
933 6
1283 9
451 8
88 2
1599 8
81 9
435 9
46 10
283 7
1164 7
353 10
405 5
418 2
548 9
1240 5
695 9
941 3
1129 3
48 6
1388 6
111 10
763 5
1105 3
1199 4
567 6
1377 7
707 3
972 9
1206 5
1323 10
548 10
389 5
1512 1
691 10
72 9
175 10
277 5
651 9
604 8
1506 10
1020 9
1571 2
920 8
961 10
762 7
1552 1
1597 6
669 1
709 7
950 6
1226 3
1319 1
835 4
1047 8
1266 3
8 7
35 3
1040 1
1238 2
126 3
1434 6
106 1
45 1
1213 2
1336 10
1559 6
478 6
234 8
293 1
1150 8
188 1
827 1
1054 2
497 9
111 6
170 5
79 9
1021 8
1026 5
1104 2
909 10
744 6
561 7
352 7
762 1
1410 5
1231 9
880 2
157 2
1326 6
920 2
193 7
1584 4
1183 8
1208 1
1518 9
191 6
565 5
371 1
1402 2
1226 1
144 8
1412 6
678 3
1108 10
1274 2
515 4
116 10
1001 5
1592 5
426 6
817 7
1366 9
1088 3
631 4
1531 4
901 10
1472 1
186 5
308 4
953 7
476 6
487 7
943 7
1166 2
207 6
1284 1
1162 2
1479 4
446 2
731 2
1188 9
493 4
372 8
504 1
660 5
870 1
1200 7
1367 2
1361 9
1518 5
674 6
793 1
1132 9
1181 8
1366 2
1465 10
289 7
320 3
456 9
800 9
753 7
632 2
1048 7
788 1
365 5
955 8
448 6
1565 6
1021 4
1484 10
1196 8
1431 8
336 3
905 4
902 1
1084 1
1434 10
501 3
776 3
975 10
1474 7
291 5
1383 7
1060 5
1137 9
433 9
867 6
931 10
1009 10
1277 3
1235 4
1296 6
812 8
1124 5
1514 6
362 4
546 4
617 9
1196 3
1131 10
715 6
229 7
457 5
564 6
627 9
1066 4
219 9
1499 7
1542 1
90 2
570 8
912 2
1010 10
1196 1
1346 7
643 6
788 7
500 9
27 2
1490 2
1545 3
163 4
780 4
1056 1
83 4
1068 4
8 1
665 8
1032 6
1419 2
1558 9
179 9
194 4
310 6
1112 6
1297 4
887 4
458 1
779 3
216 2
420 9
635 2
1007 1
1235 1
86 6
329 7
472 5
625 5
728 8
1308 10
473 3
151 6
860 1
483 8
61 3
360 9
428 3
646 3
962 6
981 7
1166 10
855 9
1372 7
1283 6
24 3
1214 10
658 8
1448 5
256 10
938 8
941 3
241 1
1314 9
109 8
97 4
417 3
522 4
1057 9
499 7
1338 4
45 8
1508 3
1032 2
1202 2
769 8
920 7
487 2
1071 10
57 2
461 3
528 6
1318 2
234 10
1345 6
141 5
723 6
246 5
1195 9
1025 8
1215 10
904 5
9 6
1002 7
1242 1
556 1
1549 3
1406 1
810 5
916 4
346 6
1434 5
414 9
484 5
660 4
80 7
1560 8
16 9
462 1
788 10
1186 4
1184 4
1414 6
701 1
649 2
830 10
210 1
812 8
127 7
90 1
650 3
1187 8
827 10
445 10
1187 3
92 10
879 8
941 1
1576 6
332 8
535 3
1576 9
944 3
1199 7
1549 9
848 3
163 9
604 3
635 10
645 5
743 8
851 3
946 1
998 5
1327 5
1437 8
497 3
807 8
951 7
1067 1
570 9
910 3
220 2
732 5
1058 8
1126 9
1263 6
519 6
780 2
1540 9
791 2
1359 2
276 3
694 8
149 2
643 10
462 1
606 7
993 7
1245 2
1262 1
261 5
797 9
314 10
455 2
675 8
157 6
642 1
106 5
53 10
110 2
157 8
165 9
347 7
627 2
720 1
1221 3
1252 10
1020 1
1497 3
1113 9
729 3
344 2
425 5
530 4
1391 1
223 9
235 8
1554 3
739 8
1301 9
898 8
761 2
1565 4
384 3
444 6
781 7
897 7
1156 3
62 6
652 9
437 6
508 8
631 7
1028 6
1310 1
1315 4
969 4
69 8
1284 9
1428 3
124 6
752 10
923 5
1356 5
1052 10
372 9
1522 1
1597 4
883 2
450 6
481 2
1359 6
1192 7
613 8
778 1
141 1
563 3
740 10
1271 4
52 8
1455 1
592 8
1238 4
1281 7
1394 6
287 1
1341 5
807 9
843 8
1438 3
1157 9
1191 5
337 3
735 5
1581 2
206 4
349 4
1102 9
1075 8
1028 6
674 9
901 7
832 4
679 9
1505 7
1593 10
696 4
817 9
601 9
28 4
1420 10
1082 3
1379 2
54 1
90 8
22 8
1150 8
1418 10
667 8
912 8
1240 9
1461 9
115 3
148 1
973 8
1322 6
884 1
993 6
512 3
268 3
1175 2
1523 1
224 9
873 9
1157 2
955 10
1497 4
180 4
528 9
796 9
1094 8
435 7
712 9
575 3
800 4
275 7
486 7
892 9
897 8
999 3
1012 3
1553 2
1224 6
884 10
439 5
867 1
1178 1
1211 1
1096 8
40 10
585 2
486 1
796 10
854 6
883 6
1200 5
1225 9
728 7
441 8
821 4
1011 7
1409 3
873 8
856 10
52 10
313 5
21 8
1499 2
482 1
716 1
63 7
1468 5
350 10
119 2
151 1
431 2
585 9
103 7
1133 9
535 1
1370 8
331 7
339 4
761 10
1476 9
583 6
1460 6
15 5
28 6
787 6
475 2
1486 2
115 10
1014 3
1351 6
1392 5
31 10
840 1
1371 10
3 1
1104 2
1224 2
1500 2
1072 1
1326 10
574 3
1278 4
813 9
566 4
665 10
746 8
172 2
578 7
1399 8
1274 6
348 8
492 6
812 3
1018 9
1414 3
712 2
570 6
68 8
1135 8
1175 10
1 5
503 5
500 8
638 3
841 6
723 3
1468 5
87 4
513 7
404 4
1038 9
1330 2
9 8
1475 7
155 10
498 7
897 3
866 4
231 9
255 6
289 7
571 1
1010 7
1248 4
1596 5
521 1
565 5
171 7
914 3
1179 2
1159 5
661 4
1091 7
1535 6
85 7
137 2
501 1
955 8
1138 1
1189 7
1296 6
1290 10
681 9
1311 5
433 8
787 5
148 4
1585 5
376 6
1249 8
1468 4
1137 8
462 1
1527 2
31 8
236 2
497 3
667 5
728 2
510 9
1133 6
1384 5
1237 3
1201 10
1543 6
39 7
130 1
674 9
1546 4
1054 6
207 8
287 9
1239 4
1330 7
490 6
671 1
1104 6
1222 5
1121 1
1540 7
397 1
915 8
1069 8
656 8
930 2
903 4
339 1
1044 4
1189 4
254 7
1016 9
1485 8
580 3
1293 5
912 6
1413 1
1595 6
802 8
814 1
975 1
271 4
440 6
158 5
1107 3
1240 10
539 1
1216 4
491 3
258 2
21 9
169 10
314 10
542 7
1228 4
57 10
1051 2
644 6
1432 6
779 8
1265 8
511 8
570 9
414 5
1420 9
1084 6
1554 6
18 3
46 4
435 6
909 4
1501 6
1149 5
732 1
1476 9
755 2
1005 2
464 2
416 9
46 6
1535 2
195 7
535 4
774 4
1087 9
829 3
313 9
823 9
338 3
1367 10
214 4
794 5
221 6
286 1
469 6
741 3
1035 10
146 4
182 5
1557 10
668 8
817 7
925 4
750 2
430 7
584 10
374 7
965 2
1299 7
1430 5
1440 5
1447 4
101 1
1172 8
1517 7
1577 6
1182 8
317 9
717 7
119 7
157 3
959 10
696 4
1579 2
728 5
662 1
515 10
607 6
650 3
1016 8
1282 7
774 3
456 9
285 10
515 2
248 10
1362 1
846 7
1542 3
147 3
598 2
1566 5
1271 10
995 8
1165 10
1372 7
661 8
1477 6
1013 10
151 8
1157 2
1211 1
1032 9
1441 7
434 1
1265 6
1432 9
139 3
1590 9
1462 9
1512 1
618 3
668 3
755 5
830 10
1474 6
1503 5
1505 5
47 1
111 10
525 8
786 9
1322 8
987 1
744 3
471 3
1551 2
355 5
742 2
1202 1
1255 3
639 1
1364 4
920 3
329 8
600 4
606 4
781 3
1156 8
619 6
112 8
700 2
612 10
1045 3
1598 2
888 10
670 4
192 3
257 1
1136 3
1178 9
827 2
936 10
247 10
93 10
280 1
603 8
180 8
508 7
283 7
460 4
794 7
1370 10
139 3
604 8
1288 2
1454 8
509 3
490 2
666 3
1433 2
1080 7
1118 6
857 6
409 5
1011 10
1110 4
36 9
21 4
1030 7
259 2
1145 2
697 7
936 9
1589 5
101 1
709 1
1187 8
1185 9
613 4
1553 5
1561 10
1377 2
390 5
968 7
475 6
920 6
1079 6
122 4
968 10
353 8
999 8
103 1
238 8
507 7
653 1
938 6
1164 10
1329 7
1122 10
667 1
1023 4
615 7
98 9
689 1
496 10
563 10
818 8
968 4
909 8
45 6
371 10
1576 4
185 5
1091 3
117 1
498 10
257 7
1128 1
584 8
1017 4
1405 3
1423 4
575 2
1250 9
484 3
440 2
995 1
1033 9
1316 4
1175 3
1286 8
1549 8
576 4
1429 2
1376 7
1578 1
95 5
854 9
916 7
988 6
1435 2
1174 1
1218 5
1010 10
1036 4
1510 7
724 7
1462 6
306 7
831 10
1527 4
62 8
225 8
481 5
571 9
581 1
501 8
1111 8
1177 1
1567 8
76 3
548 7
1042 2
1477 5
552 3
681 1
130 2
1079 2
914 5
1213 2
17 4
1477 5
1587 5
1417 7
1218 7
1513 8
956 8
1172 8
1197 1
1223 1
1348 10
954 7
127 9
316 3
868 4
1546 9
1182 7
117 8
1525 3
1386 3
80 7
350 9
1006 4
1585 10
1543 8
309 6
1561 5
822 10
1013 4
666 5
577 7
1500 7
349 4
751 8
866 9
1145 7
90 2
330 8
567 6
1347 1
1476 1
1075 7
181 2
34 8
239 10
355 8
1040 4
1306 10
1505 8
1374 6
710 4
1310 7
1539 7
1186 5
600 8
1180 3
458 7
279 1
361 8
365 7
1058 5
824 4
691 8
29 7
385 2
775 1
708 2
1468 7
582 9
81 10
521 4
1244 3
1358 9
1366 5
829 4
677 4
243 2
400 5
1192 5
585 5
1026 3
1140 4
602 3
341 3
880 9
1257 6
846 2
546 2
856 7
26 9
966 7
1041 6
1587 9
1411 1
1101 8
499 3
77 9
912 1
917 8
1291 2
653 4
1035 8
1422 1
679 8
534 10
823 7
983 1
468 3
763 1
41 3
689 3
862 7
1027 3
1054 8
1507 3
970 8
584 7
123 3
589 7
44 3
770 10
1291 2
695 7
495 3
1501 4
1447 2
382 9
1149 6
987 7
641 5
670 8
771 6
915 8
864 2
885 4
890 2
1303 8
1309 9
764 9
1035 9
1020 3
444 5
802 3
1362 4
521 2
1012 8
793 1
1306 6
685 2
1037 3
1309 8
265 1
841 9
1582 5
203 1
59 4
820 9
944 10
1535 3
567 6
1301 4
1336 7
1015 10
36 10
924 7
593 3
182 3
376 2
1161 6
1269 7
1463 2
1533 3
1444 6
153 8
11 5
705 3
971 5
896 3
381 1
869 1
498 6
483 6
1056 9
1181 8
1212 3
707 9
1280 10
707 10
527 2
778 1
1149 2
1514 7
817 5
78 9
330 6
942 6
947 4
1401 9
1017 5
1339 9
1007 10
1452 7
446 6
646 7
1148 9
530 2
182 2
364 6
870 4
1472 3
877 1
442 4
1376 1
176 5
1509 8
928 5
1449 6
889 3
524 10
646 3
1579 3
467 2
470 2
527 6
559 5
1377 3
318 3
1555 2
640 5
1450 4
1507 9
337 8
1055 7
322 5
1068 9
744 2
1000 1
512 8
464 8
345 5
500 6
699 8
993 7
39 4
663 6
733 6
1391 3
1398 9
1498 8
1128 5
1324 8
1255 7
221 5
410 2
590 5
568 10
717 5
762 1
1143 3
1170 2
1263 2
687 8
1478 2
100 6
412 9
873 1
1175 1
1328 3
1349 1
102 3
476 7
736 3
1425 2
514 7
1489 5
967 6
1050 3
832 2
1020 9
1461 6
206 10
1406 3
45 3
71 2
212 10
888 2
1134 10
1545 2
1239 10
762 7
31 5
518 6
884 10
1104 7
1132 9
1247 3
288 10
50 6
282 8
1109 2
1466 10
685 6
357 4
343 7
602 2
636 4
1379 9
1066 3
847 6
964 8
1574 3
703 10
957 7
1352 6
1181 4
1236 7
1592 5
522 9
746 3
342 9
1582 9
1393 8
29 5
70 2
144 6
629 4
1489 10
427 2
1509 5
52 8
60 7
356 3
1278 1
1319 4
420 3
491 7
1230 5
570 3
808 5
656 2
9 1
65 3
129 2
426 1
1036 5
1246 2
798 6
591 2
7 8
249 1
1407 4
784 6
1369 6
606 8
170 5
647 2
921 10
1103 7
1141 2
1222 2
1473 5
1003 5
103 2
642 1
39 5
647 1
859 1
1271 3
1502 8
189 5
385 3
708 3
811 7
901 1
962 9
43 3
782 5
183 2
211 2
756 1
821 10
763 10
894 7
816 1
1187 6
1008 4
404 9
390 3
898 7
1085 1
1195 6
1348 2
595 5
1589 2
401 7
1243 6
175 5
1064 7
1153 1
27 7
211 8
1035 2
432 9
652 5
1558 3
1020 5
232 7
662 9
842 7
1185 1
320 7
582 3
1397 6
1397 9
204 3
1495 4
198 5
881 3
1468 6
545 8
648 4
488 1
524 3
1085 6
38 7
557 9
1499 1
919 9
1235 4
1470 2
1544 3
1164 4
1266 2
1263 10
404 6
68 9
624 10
665 2
1000 6
939 8
405 8
396 1
1415 2
1275 1
1532 5
1560 9
125 9
676 6
920 3
326 2
1241 2
1247 10
940 2
99 5
1357 4
135 8
833 10
1446 5
1509 10
1299 3
644 6
943 9
4 9
1334 4
1065 3
745 8
848 8
1162 9
1263 4
1505 5
58 10
297 7
808 7
1521 9
344 7
1320 2
575 7
579 10
1034 1
298 4
514 9
1571 2
1488 5
908 10
1476 9
1022 10
108 10
784 3
320 2
353 4
367 8
577 7
826 8
849 7
1086 7
592 4
401 9
646 5
110 10
115 10
302 1
308 10
802 5
1361 5
1559 5
887 6
424 4
679 2
791 5
1122 10
1417 10
522 1
429 4
461 6
619 6
1171 6
643 5
76 9
88 8
389 3
894 6
1064 8
1164 10
1455 6
429 5
681 6
1218 6
172 3
429 4
1242 10
1443 5
1 2
330 5
801 2
1096 5
1411 4
1101 8
1349 6
714 3
463 9
1481 2
1185 7
1323 4
1105 3
689 2
1308 9
185 7
1172 6
1343 8
1066 1
