50
0 14
14 7
21 6
27 3
30 7
37 4
41 4
45 5
50 5
55 6
61 3
64 3
67 4
71 7
78 9
87 4
91 8
99 3
102 4
106 4
110 7
117 6
123 7
130 7
137 5
142 4
146 8
154 10
164 6
170 4
174 10
184 6
190 9
199 5
204 5
209 6
215 8
223 5
228 5
233 7
240 5
245 7
252 4
256 5
261 7
268 9
277 5
282 6
288 7
295 5

48

300
36 6
22 10
1 7
2 1
1 2
2 4
12 4
19 9
21 7
27 4
30 2
37 8
37 1
49 9
0 7
0 2
21 4
6 4
7 4
7 6
11 9
0 1
9 2
0 4
32 5
26 4
42 10
44 1
19 4
39 6
34 10
40 5
30 6
27 6
20 1
22 8
33 5
24 1
16 9
19 6
46 4
1 4
20 5
8 2
7 8
48 8
1 4
6 8
1 6
43 7
6 2
38 8
38 4
43 1
48 5
2 2
22 7
43 6
17 9
17 9
38 2
26 7
41 4
44 7
38 6
48 5
1 9
0 4
23 6
16 4
25 7
37 6
35 4
15 8
16 1
18 2
23 2
41 3
40 9
30 10
28 2
26 9
15 8
32 8
33 4
39 8
45 1
13 8
33 7
44 5
14 8
5 9
12 4
37 10
43 9
13 1
19 8
36 2
48 2
9 9
47 4
9 9
45 3
13 2
20 9
23 3
3 4
5 6
0 9
16 8
6 5
18 9
39 4
4 1
24 3
28 6
42 5
1 4
45 9
0 7
28 4
25 3
31 6
0 10
9 7
44 8
27 5
4 8
32 7
49 2
12 6
27 6
18 3
13 2
30 3
26 6
34 7
5 1
24 2
24 2
20 3
38 2
12 7
21 3
32 6
33 2
10 7
14 9
2 4
23 6
31 8
30 2
31 3
32 4
4 6
22 5
23 6
35 4
49 7
0 4
31 8
44 3
45 7
46 2
14 2
21 4
36 9
20 6
44 6
32 9
47 7
48 5
39 8
47 4
4 6
14 10
23 3
26 2
0 2
36 1
31 5
35 5
45 4
49 6
26 8
27 8
30 5
26 3
45 8
21 6
2 5
22 7
25 6
14 8
26 4
28 9
40 5
40 7
41 7
15 7
4 5
14 4
25 2
49 7
4 10
23 7
47 8
36 1
40 5
13 4
27 4
42 3
30 5
37 1
41 9
0 6
28 9
30 1
34 1
16 2
41 7
43 6
44 7
13 6
16 10
0 8
0 1
35 1
8 8
8 4
11 6
9 2
24 2
20 4
29 8
14 8
3 6
45 7
48 5
48 1
4 5
14 9
32 5
34 5
32 7
10 4
36 7
35 9
13 3
32 7
47 3
46 6
35 3
20 5
2 10
45 1
8 1
9 6
16 9
7 7
36 6
3 1
15 5
22 8
28 6
10 7
36 7
27 3
18 3
21 9
31 8
39 7
27 7
30 4
14 1
42 1
46 4
45 4
41 6
5 4
27 2
47 1
17 4
29 7
34 8
41 3
46 1
29 4
7 8
11 5
29 5
39 5
8 5
16 2
39 1
27 7
30 6
0 9
33 7
22 2
