200
0 11
11 9
20 5
25 6
31 7
38 3
41 3
44 7
51 6
57 6
63 5
68 5
73 5
78 5
83 8
91 8
99 6
105 2
107 8
115 7
122 6
128 7
135 5
140 5
145 5
150 4
154 8
162 8
170 7
177 5
182 4
186 7
193 6
199 5
204 2
206 2
208 4
212 9
221 4
225 6
231 4
235 5
240 4
244 4
248 10
258 6
264 7
271 7
278 4
282 6
288 8
296 6
302 9
311 6
317 9
326 3
329 8
337 6
343 6
349 8
357 6
363 4
367 6
373 5
378 7
385 8
393 7
400 7
407 7
414 4
418 8
426 5
431 7
438 6
444 5
449 5
454 9
463 5
468 4
472 4
476 7
483 7
490 3
493 5
498 8
506 5
511 5
516 5
521 7
528 5
533 11
544 4
548 3
551 8
559 4
563 7
570 4
574 10
584 8
592 8
600 5
605 3
608 4
612 6
618 7
625 4
629 8
637 5
642 10
652 7
659 5
664 6
670 9
679 9
688 5
693 8
701 4
705 6
711 6
717 5
722 5
727 5
732 8
740 8
748 8
756 6
762 5
767 6
773 10
783 4
787 5
792 7
799 5
804 7
811 4
815 4
819 4
823 6
829 7
836 6
842 9
851 7
858 5
863 10
873 5
878 4
882 7
889 3
892 8
900 5
905 2
907 6
913 4
917 7
924 5
929 7
936 13
949 7
956 5
961 8
969 8
977 4
981 6
987 4
991 6
997 7
1004 5
1009 6
1015 9
1024 8
1032 5
1037 2
1039 10
1049 8
1057 5
1062 8
1070 6
1076 5
1081 8
1089 10
1099 6
1105 6
1111 6
1117 7
1124 5
1129 4
1133 4
1137 8
1145 5
1150 5
1155 5
1160 5
1165 5
1170 2
1172 7
1179 14
1193 5
1198 4
1202 3
1205 7

166

1212
144 6
90 10
7 7
8 1
19 9
49 9
60 2
74 10
111 2
127 6
150 3
2 2
86 4
26 4
21 7
27 4
30 2
37 8
37 1
126 8
1 2
36 2
3 4
131 5
51 1
2 4
179 1
76 4
12 4
161 7
169 9
137 10
160 5
123 6
111 6
7 4
11 9
125 7
96 1
67 9
7 6
80 5
33 2
114 1
0 7
195 8
4 4
26 8
5 6
98 8
106 7
0 1
153 8
154 4
172 1
168 10
188 9
88 7
173 6
68 9
26 4
69 1
195 6
107 7
167 4
112 1
142 6
176 4
152 6
192 5
4 9
42 10
140 8
3 4
93 6
65 4
118 3
177 10
149 6
143 4
68 2
79 4
98 7
163 9
121 10
113 2
106 9
62 7
64 8
87 4
96 3
54 8
132 7
179 5
56 8
39 6
148 9
178 1
190 10
148 10
174 9
54 1
22 8
126 7
177 9
188 4
39 9
182 3
54 2
81 9
54 7
67 2
80 4
93 7
189 6
23 6
0 9
67 8
20 1
33 5
147 3
183 10
159 4
19 1
72 9
124 4
152 8
167 6
182 9
1 7
112 4
46 4
104 6
158 7
173 7
177 8
108 5
16 8
130 7
126 4
19 6
108 6
75 3
52 2
120 3
99 2
81 3
142 4
148 6
176 4
51 7
84 3
131 6
167 9
1 4
7 8
9 4
94 6
126 8
70 7
80 10
99 2
140 4
196 7
1 4
125 8
54 5
122 7
134 4
163 4
146 9
83 6
179 6
139 9
149 6
174 4
181 9
189 7
195 5
159 8
43 7
191 5
104 2
1 2
145 1
170 5
123 5
105 3
181 8
84 6
62 5
72 6
91 2
59 8
106 4
113 9
48 5
113 5
173 5
6 2
19 5
59 4
101 2
61 8
95 7
189 8
168 3
122 5
2 2
136 1
64 2
165 7
1 8
1 1
143 1
58 4
107 3
122 2
132 10
153 4
179 9
38 2
38 2
97 2
196 1
17 9
56 8
15 6
181 7
195 5
82 5
131 5
138 5
128 7
144 3
140 9
54 3
130 7
190 3
132 4
80 5
11 10
44 7
87 10
29 7
146 6
184 4
197 5
42 7
145 7
108 3
56 8
73 1
96 8
108 6
109 3
192 7
199 6
110 7
122 4
58 1
169 1
57 2
114 5
182 4
166 6
21 4
109 2
51 4
117 3
198 4
184 1
118 4
69 1
99 8
144 5
194 9
198 9
32 5
65 2
156 1
88 7
121 6
0 9
135 7
89 2
53 10
181 2
194 6
104 7
63 5
64 9
122 10
187 3
190 3
195 9
25 7
2 1
46 4
160 1
78 1
168 4
23 2
108 8
178 10
195 8
80 4
85 9
145 3
155 2
164 8
175 10
95 8
49 10
128 6
78 1
143 5
15 8
16 1
18 2
41 3
27 5
18 7
76 7
71 7
107 10
117 2
78 5
95 1
15 8
39 8
98 7
44 8
90 1
132 8
163 5
175 5
173 2
121 3
45 2
129 1
66 8
73 6
45 1
70 4
115 4
37 4
71 9
162 3
32 8
33 4
127 3
191 4
63 2
139 6
155 2
195 9
0 2
195 7
125 10
61 2
89 10
159 8
172 3
33 8
60 2
99 10
187 8
156 2
31 5
14 7
89 5
174 2
59 2
124 5
99 4
50 5
156 3
36 2
76 6
14 8
50 9
84 3
94 5
105 7
12 4
48 2
195 3
157 4
102 5
129 9
161 3
172 1
57 8
97 6
138 10
83 1
181 9
187 9
196 6
5 9
19 8
159 6
18 2
99 7
105 9
118 7
9 9
179 8
13 2
84 8
145 4
149 8
154 7
47 1
9 1
150 2
173 3
58 4
76 1
195 2
103 10
26 7
97 4
127 10
162 6
54 7
194 2
58 9
120 6
135 10
168 9
31 6
166 3
20 9
83 6
108 4
128 10
57 6
112 5
164 7
44 1
106 7
119 3
0 10
79 4
123 2
112 1
199 1
23 3
97 2
107 9
109 1
168 6
3 4
54 7
64 6
70 1
187 3
117 5
122 3
88 2
178 2
140 1
93 3
156 7
93 4
131 4
55 5
51 1
53 1
124 8
74 4
13 4
169 9
110 3
6 5
42 5
153 2
52 4
18 4
26 10
113 7
18 9
24 3
168 9
137 5
88 2
189 10
139 4
140 1
39 5
105 3
28 6
66 1
72 6
128 1
196 8
25 3
31 6
129 9
68 8
123 5
64 3
97 1
178 9
52 9
107 1
180 7
140 8
164 5
1 4
165 1
115 5
135 4
136 7
143 6
118 5
14 4
42 10
120 1
9 7
81 2
48 7
199 8
76 2
158 10
152 7
49 2
92 4
60 10
62 5
159 6
0 10
56 1
172 2
174 1
110 9
92 3
102 10
109 8
151 4
153 1
166 7
117 1
103 6
31 2
187 6
89 4
90 3
174 10
12 6
77 3
148 1
185 10
77 4
18 7
117 8
146 2
26 6
64 5
141 3
156 9
34 7
53 8
55 1
149 4
187 5
140 7
160 4
5 1
14 3
44 8
165 3
38 2
66 6
75 2
173 4
84 1
70 4
119 8
138 10
143 8
158 10
56 7
142 8
7 8
13 7
99 5
121 6
127 1
169 9
24 2
61 10
63 4
67 7
47 8
26 2
98 5
153 5
194 6
116 6
162 6
104 4
128 6
33 2
157 6
186 1
90 10
65 5
120 10
135 7
70 10
91 6
186 1
112 3
111 2
182 8
30 2
50 7
128 8
21 6
100 4
109 1
183 4
31 3
82 3
67 9
64 7
14 9
32 4
73 7
154 5
7 7
125 2
131 2
199 3
10 7
75 9
85 1
37 3
54 10
22 5
23 6
44 3
52 8
72 4
44 6
121 9
122 2
148 3
186 1
46 2
75 1
104 1
44 3
90 8
161 1
173 6
45 7
90 9
79 3
175 2
199 10
4 6
103 2
168 10
184 10
0 2
171 10
21 4
73 5
103 3
139 6
74 1
119 9
10 1
136 7
197 6
14 2
32 9
80 7
165 9
123 3
32 5
130 10
156 7
169 8
141 9
6 1
45 5
155 10
176 4
58 4
86 5
199 10
167 5
177 3
179 10
154 6
192 7
100 6
140 7
170 10
156 5
55 2
76 5
91 1
46 3
138 4
93 8
47 4
87 5
12 3
133 1
67 7
179 4
97 8
112 9
178 2
183 7
73 3
23 3
71 6
87 1
102 10
166 10
14 10
49 6
57 3
98 6
108 9
35 5
45 4
76 3
37 2
50 10
27 7
108 2
161 5
4 6
31 5
74 2
84 5
113 3
143 1
190 3
194 9
63 5
142 7
20 4
176 6
78 8
175 1
184 10
188 2
27 8
60 10
106 2
4 7
133 6
185 10
26 8
22 4
1 8
16 7
160 9
59 3
98 1
128 4
70 10
0 6
190 8
40 7
53 6
83 1
104 8
127 4
153 10
100 6
72 10
157 7
167 3
57 1
84 9
195 2
65 9
22 7
41 7
113 10
188 2
181 1
2 5
25 6
40 5
77 4
106 2
140 6
146 9
15 7
56 8
146 10
37 10
41 4
118 1
155 1
157 1
125 6
139 1
162 2
165 3
134 10
134 10
27 4
180 8
49 7
86 4
71 10
102 7
36 1
112 7
86 7
147 4
4 10
81 5
180 2
155 9
160 3
164 4
40 5
66 10
117 4
156 9
97 10
160 8
160 1
59 6
112 6
28 9
133 1
81 4
197 3
27 4
41 9
77 1
82 1
116 7
95 7
85 8
11 8
131 6
94 3
114 9
152 3
176 1
151 9
173 5
151 9
98 8
124 7
24 4
10 6
178 1
13 4
37 1
87 6
123 1
166 7
53 5
97 8
144 2
159 9
170 10
0 6
143 2
195 6
40 3
47 5
30 1
44 7
52 3
68 4
28 9
43 6
132 10
93 2
131 9
179 1
187 5
19 3
136 4
154 8
16 10
93 1
15 9
177 1
108 3
24 6
156 1
168 3
13 6
95 4
68 8
28 6
158 2
69 2
0 3
141 9
184 8
178 1
141 9
90 4
193 3
11 6
141 3
20 8
88 7
8 8
80 2
128 10
90 1
37 4
156 1
99 5
8 4
106 5
115 6
147 8
68 7
114 10
133 1
137 9
52 2
180 10
164 8
59 2
48 1
62 2
77 7
94 9
116 5
138 9
153 1
63 3
113 7
148 1
162 10
189 3
194 10
65 4
101 6
128 7
133 1
175 8
183 3
193 6
88 10
97 10
149 2
21 7
175 7
20 4
29 8
67 6
60 8
89 6
143 9
183 7
191 1
4 5
51 1
138 8
137 3
138 1
126 9
95 4
172 9
3 7
109 1
122 5
65 3
100 6
156 10
70 6
58 3
133 2
164 10
14 9
56 5
172 4
27 4
73 7
155 8
85 5
52 8
137 4
162 10
36 7
86 1
113 9
133 3
96 3
175 9
167 4
46 6
72 3
143 7
120 10
90 7
10 4
115 5
20 6
25 9
128 3
165 4
35 3
72 9
81 9
111 10
8 10
148 3
75 6
51 4
175 10
45 1
79 9
113 8
3 9
98 9
182 10
188 1
191 6
116 10
30 5
195 5
143 10
186 5
111 10
180 7
8 1
61 3
90 2
163 4
65 1
160 9
179 2
199 3
179 9
194 4
9 6
57 2
97 4
141 5
32 5
69 3
109 6
21 7
16 9
90 1
92 10
28 4
62 2
53 10
110 2
157 8
165 9
168 10
124 1
158 7
56 5
124 6
141 1
114 4
192 5
10 4
24 4
22 8
115 3
148 1
12 10
16 9
52 10
119 2
151 1
15 1
76 2
142 1
84 9
180 4
3 1
15 5
28 6
68 8
115 10
172 2
146 1
37 9
172 9
118 4
85 7
137 2
155 10
171 7
178 4
134 8
31 8
39 7
130 1
49 2
66 9
28 9
18 3
21 9
46 4
169 10
191 3
103 8
119 7
157 3
196 2
104 4
19 10
159 7
195 7
47 1
111 10
151 8
43 4
124 10
93 10
187 5
125 10
192 3
101 1
103 1
170 5
108 1
62 8
76 3
95 5
185 5
146 5
66 9
91 6
50 3
17 4
130 2
8 9
169 1
124 2
29 7
34 8
81 10
156 3
18 6
41 3
123 3
50 3
127 8
15 10
59 4
182 3
29 5
159 1
169 6
11 5
176 5
115 7
185 3
44 7
157 6
151 3
50 6
71 2
100 6
156 10
47 9
123 9
172 4
7 8
29 5
39 5
52 8
60 7
65 3
70 2
129 2
144 6
170 5
59 9
50 9
9 6
183 7
27 7
183 2
66 6
38 1
83 8
112 6
139 3
43 5
198 5
197 5
46 4
47 9
88 8
110 10
115 10
172 3
74 1
106 3
44 6
