800
0 8
8 5
13 4
17 3
20 6
26 4
30 6
36 10
46 6
52 5
57 3
60 6
66 6
72 4
76 7
83 7
90 9
99 6
105 4
109 6
115 7
122 7
129 6
135 6
141 6
147 4
151 5
156 7
163 9
172 3
175 4
179 9
188 3
191 9
200 5
205 7
212 6
218 4
222 5
227 7
234 4
238 9
247 2
249 5
254 5
259 8
267 6
273 7
280 5
285 9
294 4
298 6
304 6
310 9
319 10
329 9
338 7
345 6
351 3
354 8
362 7
369 8
377 6
383 7
390 5
395 3
398 9
407 4
411 5
416 2
418 6
424 4
428 8
436 7
443 8
451 5
456 4
460 5
465 7
472 5
477 6
483 9
492 7
499 9
508 6
514 7
521 7
528 6
534 5
539 3
542 6
548 3
551 2
553 7
560 5
565 3
568 3
571 7
578 6
584 9
593 4
597 5
602 5
607 4
611 7
618 4
622 4
626 6
632 6
638 6
644 9
653 5
658 7
665 7
672 5
677 8
685 8
693 5
698 5
703 5
708 5
713 3
716 6
722 7
729 8
737 5
742 5
747 7
754 8
762 9
771 6
777 3
780 3
783 6
789 5
794 5
799 3
802 4
806 4
810 8
818 6
824 7
831 5
836 7
843 6
849 4
853 5
858 8
866 11
877 10
887 4
891 9
900 5
905 7
912 4
916 5
921 5
926 6
932 5
937 4
941 11
952 5
957 4
961 7
968 8
976 5
981 5
986 7
993 7
1000 6
1006 6
1012 9
1021 7
1028 6
1034 4
1038 6
1044 8
1052 7
1059 9
1068 8
1076 5
1081 5
1086 3
1089 6
1095 6
1101 3
1104 5
1109 9
1118 6
1124 7
1131 6
1137 4
1141 6
1147 6
1153 7
1160 6
1166 8
1174 6
1180 6
1186 5
1191 4
1195 3
1198 8
1206 6
1212 5
1217 8
1225 8
1233 6
1239 11
1250 7
1257 7
1264 6
1270 5
1275 3
1278 5
1283 5
1288 4
1292 7
1299 7
1306 8
1314 7
1321 3
1324 5
1329 4
1333 8
1341 9
1350 8
1358 9
1367 7
1374 5
1379 3
1382 8
1390 9
1399 6
1405 6
1411 6
1417 4
1421 7
1428 7
1435 4
1439 7
1446 11
1457 3
1460 6
1466 6
1472 5
1477 9
1486 6
1492 6
1498 4
1502 4
1506 6
1512 4
1516 6
1522 9
1531 4
1535 5
1540 5
1545 6
1551 7
1558 4
1562 10
1572 5
1577 3
1580 7
1587 8
1595 5
1600 3
1603 7
1610 8
1618 7
1625 6
1631 4
1635 5
1640 6
1646 10
1656 6
1662 6
1668 7
1675 4
1679 5
1684 5
1689 7
1696 6
1702 7
1709 9
1718 4
1722 4
1726 6
1732 7
1739 7
1746 7
1753 9
1762 4
1766 3
1769 4
1773 4
1777 4
1781 6
1787 4
1791 5
1796 6
1802 5
1807 5
1812 7
1819 5
1824 6
1830 3
1833 7
1840 14
1854 3
1857 5
1862 3
1865 4
1869 6
1875 5
1880 4
1884 5
1889 8
1897 7
1904 6
1910 6
1916 6
1922 4
1926 2
1928 5
1933 9
1942 4
1946 5
1951 3
1954 3
1957 9
1966 7
1973 5
1978 5
1983 6
1989 5
1994 5
1999 8
2007 7
2014 3
2017 5
2022 8
2030 3
2033 6
2039 6
2045 7
2052 5
2057 9
2066 5
2071 7
2078 4
2082 3
2085 5
2090 5
2095 6
2101 3
2104 4
2108 5
2113 6
2119 4
2123 4
2127 9
2136 5
2141 5
2146 6
2152 12
2164 7
2171 2
2173 3
2176 7
2183 3
2186 7
2193 7
2200 7
2207 5
2212 6
2218 5
2223 7
2230 6
2236 5
2241 7
2248 7
2255 11
2266 6
2272 8
2280 5
2285 11
2296 9
2305 7
2312 7
2319 6
2325 4
2329 5
2334 3
2337 2
2339 6
2345 10
2355 8
2363 4
2367 8
2375 4
2379 3
2382 7
2389 6
2395 7
2402 5
2407 5
2412 8
2420 4
2424 3
2427 8
2435 5
2440 7
2447 8
2455 8
2463 4
2467 3
2470 9
2479 3
2482 5
2487 3
2490 6
2496 7
2503 8
2511 8
2519 3
2522 10
2532 5
2537 8
2545 5
2550 5
2555 5
2560 7
2567 6
2573 5
2578 7
2585 5
2590 4
2594 9
2603 8
2611 3
2614 7
2621 4
2625 6
2631 6
2637 6
2643 12
2655 7
2662 6
2668 3
2671 6
2677 5
2682 5
2687 7
2694 6
2700 11
2711 5
2716 4
2720 7
2727 5
2732 10
2742 5
2747 4
2751 4
2755 4
2759 7
2766 5
2771 5
2776 2
2778 7
2785 8
2793 6
2799 4
2803 8
2811 5
2816 10
2826 4
2830 8
2838 7
2845 6
2851 6
2857 7
2864 6
2870 6
2876 5
2881 5
2886 4
2890 5
2895 10
2905 9
2914 4
2918 6
2924 6
2930 9
2939 11
2950 7
2957 5
2962 7
2969 7
2976 11
2987 6
2993 5
2998 6
3004 4
3008 7
3015 4
3019 3
3022 7
3029 2
3031 5
3036 7
3043 4
3047 9
3056 5
3061 8
3069 5
3074 6
3080 7
3087 8
3095 4
3099 5
3104 6
3110 5
3115 6
3121 8
3129 9
3138 8
3146 5
3151 5
3156 8
3164 5
3169 7
3176 10
3186 3
3189 5
3194 6
3200 8
3208 6
3214 6
3220 3
3223 7
3230 4
3234 7
3241 8
3249 7
3256 5
3261 8
3269 8
3277 8
3285 2
3287 4
3291 3
3294 4
3298 6
3304 7
3311 6
3317 7
3324 6
3330 7
3337 7
3344 5
3349 7
3356 8
3364 7
3371 6
3377 9
3386 8
3394 6
3400 8
3408 6
3414 6
3420 7
3427 6
3433 7
3440 10
3450 6
3456 11
3467 7
3474 5
3479 6
3485 5
3490 8
3498 8
3506 7
3513 5
3518 4
3522 9
3531 6
3537 5
3542 5
3547 5
3552 8
3560 3
3563 7
3570 5
3575 6
3581 5
3586 11
3597 8
3605 8
3613 2
3615 5
3620 3
3623 8
3631 6
3637 5
3642 2
3644 7
3651 8
3659 6
3665 6
3671 9
3680 6
3686 8
3694 5
3699 8
3707 4
3711 6
3717 4
3721 6
3727 5
3732 4
3736 6
3742 7
3749 7
3756 3
3759 11
3770 8
3778 8
3786 6
3792 4
3796 10
3806 4
3810 4
3814 6
3820 8
3828 4
3832 4
3836 6
3842 12
3854 5
3859 3
3862 8
3870 6
3876 5
3881 5
3886 7
3893 4
3897 8
3905 10
3915 6
3921 7
3928 4
3932 4
3936 9
3945 7
3952 6
3958 8
3966 8
3974 6
3980 6
3986 4
3990 5
3995 8
4003 5
4008 5
4013 8
4021 6
4027 7
4034 7
4041 5
4046 8
4054 7
4061 8
4069 5
4074 5
4079 5
4084 4
4088 5
4093 4
4097 4
4101 8
4109 8
4117 4
4121 5
4126 4
4130 5
4135 9
4144 8
4152 10
4162 10
4172 3
4175 5
4180 9
4189 5
4194 5
4199 5
4204 5
4209 6
4215 7
4222 7
4229 13
4242 8
4250 8
4258 6
4264 6
4270 5
4275 4
4279 3
4282 7
4289 6
4295 8
4303 5
4308 5
4313 8
4321 8
4329 6
4335 6
4341 6
4347 4
4351 7
4358 6
4364 5
4369 7
4376 9
4385 3
4388 6
4394 5
4399 8
4407 7
4414 8
4422 6
4428 8
4436 3
4439 8
4447 4
4451 5
4456 7
4463 8
4471 7
4478 8
4486 4
4490 6
4496 6
4502 4
4506 7
4513 5
4518 6
4524 5
4529 4
4533 10
4543 5
4548 4
4552 4
4556 4
4560 8
4568 4
4572 8
4580 6
4586 4
4590 2
4592 6
4598 6
4604 7
4611 4
4615 4
4619 4
4623 7
4630 5
4635 5
4640 6
4646 6
4652 5
4657 7
4664 6
4670 6
4676 4
4680 5
4685 6
4691 8
4699 6
4705 7
4712 8
4720 9
4729 4
4733 6
4739 6
4745 5
4750 5
4755 5
4760 4
4764 4
4768 5
4773 5
4778 6
4784 9
4793 7
4800 5
4805 5

684

4810
577 6
360 10
31 7
35 1
49 9
74 10
150 3
703 9
8 2
345 4
107 4
19 9
111 2
146 2
12 4
525 5
127 6
717 1
306 4
60 2
548 10
641 5
494 6
444 6
300 2
436 8
385 1
270 9
21 7
37 1
323 5
134 2
30 2
126 8
507 3
670 6
782 8
16 4
104 8
21 6
27 4
37 8
201 1
344 1
422 5
608 2
1 2
612 8
616 4
689 1
51 1
240 9
355 7
695 6
272 9
383 5
750 6
428 7
668 4
445 6
608 6
768 5
19 9
297 10
586 7
792 3
2 4
14 4
373 6
262 4
169 9
418 9
596 6
575 4
451 7
569 8
12 4
655 9
484 10
455 2
425 9
161 7
416 6
219 8
531 7
716 5
227 8
583 8
695 4
757 8
7 4
594 10
697 9
217 1
125 7
299 9
319 10
325 2
446 1
752 4
157 9
222 3
407 1
413 2
533 10
731 3
217 2
325 9
326 10
11 9
95 6
1 9
271 8
221 5
362 10
637 4
78 1
366 3
440 8
445 8
687 2
688 3
7 6
729 9
5 7
449 4
472 1
725 7
758 8
710 8
432 5
66 8
522 7
279 2
348 1
434 6
301 3
209 2
480 3
660 7
778 4
398 2
326 3
114 1
234 2
410 7
424 4
206 7
337 3
526 6
525 5
39 4
379 6
504 8
576 2
734 2
560 4
786 7
7 4
500 8
398 7
471 1
523 8
584 9
335 6
716 6
237 7
371 9
556 3
640 2
640 8
657 10
758 7
780 5
639 8
416 2
6 2
582 1
222 10
0 7
495 5
420 3
724 8
336 6
98 8
106 7
273 9
374 8
236 8
425 4
453 9
78 5
238 4
407 2
219 7
231 6
601 1
623 7
766 2
776 8
383 7
756 8
168 10
293 5
740 2
0 1
675 3
489 5
188 9
273 9
507 1
558 2
545 1
256 2
661 7
69 1
479 2
731 3
7 8
5 1
575 1
567 2
152 2
391 2
195 6
493 9
592 6
26 4
227 8
61 6
725 7
783 5
452 6
627 9
526 5
553 5
512 7
478 2
562 9
219 3
521 7
762 3
112 1
176 4
212 3
232 2
707 3
320 5
44 10
116 7
586 6
142 6
429 1
592 1
42 10
171 7
581 7
435 3
529 3
440 7
488 4
234 1
676 1
283 4
387 4
474 5
687 7
731 4
667 6
86 4
439 2
513 1
576 7
739 1
474 4
140 8
400 8
413 2
430 6
598 6
129 5
262 2
625 1
412 6
595 2
487 6
0 9
543 7
357 2
177 10
268 10
430 5
446 2
622 6
778 6
417 7
118 3
288 8
8 1
187 4
640 1
283 5
634 2
788 2
434 8
714 10
781 8
506 5
565 3
705 3
702 10
383 8
198 10
513 6
68 2
98 7
425 1
500 4
520 8
108 5
73 7
305 7
204 9
480 6
555 8
685 7
704 5
712 7
786 9
468 2
314 5
381 1
79 4
325 10
370 8
588 6
597 8
728 1
393 7
176 8
363 1
528 8
64 8
474 5
691 2
694 2
484 3
180 2
516 1
87 4
96 3
283 4
462 4
148 4
508 3
766 4
253 2
556 6
62 7
349 9
397 4
460 8
3 2
781 7
500 10
148 9
225 6
403 4
526 5
39 6
691 3
134 8
241 2
397 10
437 6
537 1
570 1
751 8
625 2
124 5
59 7
406 8
758 5
496 5
398 4
203 5
178 1
190 10
317 3
659 5
306 6
56 8
202 9
177 9
407 7
782 3
631 4
245 6
22 8
231 8
391 6
554 10
335 1
342 9
385 10
756 4
776 2
636 6
75 2
397 7
126 7
719 8
53 2
427 1
562 5
730 6
189 1
36 1
304 1
780 2
414 10
104 7
253 6
580 6
217 7
777 2
232 9
496 9
674 9
124 6
664 3
83 9
303 9
431 6
510 2
586 7
54 7
231 6
449 5
659 7
177 1
93 7
460 1
0 10
317 4
493 2
80 4
189 6
514 8
765 3
780 9
67 2
388 2
428 9
310 1
752 10
751 3
470 5
491 3
659 7
563 1
372 3
625 7
273 4
628 10
20 1
33 5
205 1
214 1
147 3
610 8
749 2
55 4
677 9
183 10
215 8
557 10
614 2
210 4
74 4
105 10
274 7
664 8
672 9
549 5
354 2
759 10
167 6
358 7
544 4
547 2
625 9
560 1
157 5
423 3
124 4
379 1
545 4
725 6
72 9
290 6
513 1
152 8
203 6
351 9
394 5
479 8
797 2
516 9
275 8
493 5
259 3
104 6
295 1
208 9
429 1
722 7
158 7
381 3
384 2
400 4
46 4
661 1
460 5
541 4
173 7
319 2
543 7
574 6
474 5
57 4
168 10
459 8
725 10
194 7
797 8
304 2
634 10
540 7
370 4
240 10
251 5
688 2
698 1
443 9
126 4
215 8
315 9
470 1
413 6
127 2
361 3
698 10
592 1
741 10
311 4
73 7
202 1
208 5
318 1
256 5
567 3
627 9
267 4
323 5
19 6
597 4
750 5
57 3
178 8
176 4
693 4
339 1
281 4
479 8
142 4
303 5
745 7
568 8
31 8
53 7
300 5
304 2
345 2
189 8
107 2
392 5
148 6
247 2
251 4
506 10
532 3
659 10
776 6
465 6
650 6
244 3
630 6
744 1
382 9
488 10
599 10
362 10
261 5
167 9
561 2
562 4
746 1
448 3
444 2
308 9
7 8
70 7
515 8
84 6
403 4
365 6
771 2
80 10
268 9
257 7
517 3
295 7
616 5
31 7
597 8
1 4
99 2
150 3
219 10
248 2
380 4
54 5
290 4
177 6
672 2
673 5
675 10
302 1
418 1
176 3
363 8
399 4
691 9
318 3
702 2
796 10
122 7
163 4
210 8
355 2
377 1
741 7
673 10
739 10
1 2
134 4
608 9
557 6
297 1
478 9
41 1
149 6
652 3
737 3
320 7
663 9
494 3
128 5
181 9
392 5
485 8
566 9
24 1
183 5
621 10
269 3
796 10
670 5
710 3
717 10
139 9
174 4
297 4
473 5
43 7
563 7
680 10
627 5
240 8
331 2
366 3
459 4
187 3
555 4
374 8
301 7
766 8
50 3
533 1
270 7
191 5
642 5
715 2
735 7
293 3
516 6
655 9
286 6
350 1
411 10
249 9
262 9
394 6
432 9
243 2
148 2
203 10
110 7
432 2
170 5
471 9
572 1
763 3
324 4
690 5
741 2
784 9
784 4
62 5
72 6
569 7
82 4
705 6
315 8
368 5
712 4
427 2
16 7
230 8
313 7
556 5
90 4
6 8
67 7
296 4
372 6
91 2
393 1
515 4
282 10
2 6
471 10
560 2
113 5
613 10
403 6
291 10
629 7
246 8
590 6
590 1
48 5
782 2
261 9
173 5
216 9
455 6
496 9
579 6
661 8
453 10
752 2
725 1
588 9
621 9
750 4
309 4
427 2
588 4
584 10
149 10
167 4
620 1
630 1
501 6
283 4
640 8
767 10
6 2
61 8
539 10
111 4
723 2
286 10
408 7
284 2
559 7
598 3
449 7
345 7
481 10
722 2
620 9
448 5
480 6
627 9
388 10
643 8
786 10
115 9
532 1
325 4
503 4
643 6
645 2
653 8
712 6
382 7
342 8
47 8
527 6
219 5
230 8
609 3
706 1
606 9
694 5
303 3
681 2
706 4
97 4
43 6
327 3
641 4
798 7
667 7
215 5
388 8
268 9
411 10
680 8
718 3
574 2
780 6
163 3
189 5
341 4
436 7
208 3
273 4
289 10
582 4
2 2
372 2
527 9
462 9
690 10
78 3
547 4
226 6
357 7
362 4
681 7
717 9
793 1
58 4
122 2
60 9
710 1
433 3
99 6
205 4
406 9
470 4
499 7
790 10
132 10
275 8
112 6
214 3
224 9
327 9
650 5
705 4
773 1
784 9
107 3
278 2
0 3
603 9
737 8
715 1
566 9
362 4
153 4
179 9
371 8
611 6
623 10
38 2
83 8
354 7
332 1
768 4
363 1
151 4
627 1
396 5
196 1
212 4
713 6
462 6
588 8
274 7
683 1
208 2
721 10
658 8
236 2
405 4
253 3
455 7
592 1
649 10
539 5
17 9
82 5
702 8
735 3
575 4
669 10
390 10
596 2
85 7
331 3
508 10
243 8
358 6
575 9
559 8
548 3
555 1
505 9
380 4
375 2
439 5
461 6
475 1
538 5
555 4
583 1
14 7
436 1
490 5
261 3
638 5
282 6
232 3
533 2
340 8
144 3
225 5
689 4
110 4
239 6
320 8
387 9
342 5
211 8
549 4
649 10
367 4
414 5
488 1
642 6
532 3
386 3
702 9
231 6
569 9
483 10
362 7
427 7
443 7
513 9
132 4
81 6
102 9
515 3
661 4
405 7
479 9
87 10
34 10
592 3
301 6
206 4
684 6
714 4
454 8
12 9
392 9
729 10
211 5
216 9
122 5
783 5
575 10
202 7
406 4
451 1
44 7
446 10
722 7
206 10
348 4
358 9
532 4
676 3
760 5
260 1
640 9
718 2
798 3
466 4
494 5
773 10
129 5
276 3
438 6
86 7
184 4
497 3
115 4
248 2
404 3
797 4
674 10
499 1
634 7
224 5
197 5
797 4
56 8
109 3
458 4
771 5
41 4
96 4
309 4
422 9
73 1
108 6
49 10
64 9
199 6
663 8
745 3
96 8
63 1
305 2
569 1
337 9
192 7
307 4
386 8
516 7
587 1
151 9
690 9
473 4
214 3
387 7
473 1
777 10
57 2
712 4
537 8
595 1
634 3
196 2
264 9
113 9
218 8
619 3
767 3
413 8
512 7
114 5
784 2
418 4
79 10
639 7
739 4
173 4
498 10
198 4
270 8
551 4
651 5
748 5
502 10
484 1
681 5
435 1
204 6
290 4
602 10
51 4
117 3
584 5
265 9
367 6
202 3
272 5
437 3
791 7
35 9
677 1
496 2
456 1
626 1
782 10
69 1
99 8
144 5
626 3
74 6
587 9
620 10
203 3
508 8
63 10
198 9
476 7
780 8
118 5
639 1
679 6
194 9
461 7
741 3
178 7
465 1
728 6
785 3
629 6
605 3
282 8
327 5
423 10
684 9
88 7
627 10
191 9
495 9
690 4
366 9
552 8
239 9
202 9
38 6
732 7
219 3
424 4
181 2
265 6
153 1
333 8
270 5
342 3
460 5
520 7
448 6
558 3
175 5
522 5
645 9
746 3
53 10
788 5
184 4
190 9
448 2
597 5
298 1
425 3
177 6
313 9
465 1
664 1
523 4
617 3
795 3
500 4
7 1
669 2
64 9
187 3
195 9
93 1
376 5
170 7
360 7
701 4
63 5
122 10
190 3
83 6
640 2
770 5
303 6
54 9
186 6
391 5
744 9
78 1
565 10
376 1
220 8
148 4
206 1
380 8
501 8
25 7
168 4
505 4
171 10
708 4
205 1
383 3
563 9
725 8
441 6
413 5
289 1
505 5
714 8
85 9
145 3
155 2
269 9
654 5
93 5
232 1
463 8
473 8
484 9
623 9
23 2
240 9
325 2
341 1
402 5
566 9
698 7
80 4
614 5
656 10
327 10
110 8
241 10
738 2
164 8
169 5
264 8
784 2
459 8
630 6
667 7
153 4
777 10
41 3
293 10
436 3
589 2
787 3
78 1
179 3
149 3
257 3
762 2
143 5
79 8
362 2
90 8
753 1
169 9
129 9
690 2
457 2
16 1
18 2
71 7
481 10
573 6
579 1
421 9
181 8
566 6
220 1
320 7
419 3
444 9
701 1
15 8
41 3
107 10
140 5
33 7
388 9
195 3
409 6
205 8
644 10
244 5
218 1
700 2
419 4
457 6
733 6
19 5
291 1
30 10
585 4
515 10
17 3
495 8
640 5
242 1
657 10
661 4
175 5
353 7
711 9
339 3
149 9
547 1
554 6
629 6
163 5
570 7
751 8
348 4
60 6
350 3
477 10
490 3
510 2
609 3
147 6
259 7
598 5
335 2
430 8
519 2
655 10
15 8
39 8
328 3
538 7
512 10
519 10
564 3
604 8
658 5
565 1
348 4
350 2
659 3
318 3
692 2
697 2
248 6
554 4
381 7
688 7
309 2
125 8
140 8
438 2
66 8
73 6
165 6
33 6
247 6
594 2
693 5
799 10
71 9
162 3
208 1
632 5
549 4
243 7
41 2
250 5
647 9
271 4
378 6
289 10
382 2
609 4
622 3
45 1
564 1
24 2
676 8
489 7
605 7
628 4
241 4
627 8
657 7
518 2
631 1
32 8
155 2
724 2
514 1
254 5
370 7
548 1
28 7
408 10
783 6
783 4
33 4
746 8
600 6
479 2
655 5
480 9
572 6
195 9
163 6
756 10
632 3
89 10
209 9
8 9
116 8
449 8
506 5
653 3
61 2
235 4
426 2
210 10
378 7
364 8
550 6
600 5
610 5
658 10
706 1
223 1
281 6
253 5
159 8
232 7
121 2
759 2
439 2
246 9
220 5
580 2
100 3
476 10
604 9
692 9
318 3
65 6
454 6
568 5
727 8
243 9
467 2
610 1
440 9
128 8
321 8
719 5
721 1
744 4
231 6
447 7
99 2
394 3
529 4
682 7
174 2
229 6
420 8
107 2
391 10
605 7
782 1
120 9
274 5
690 2
513 9
582 3
232 5
582 8
89 5
99 4
561 9
344 10
680 3
711 3
255 10
414 4
629 9
743 3
59 2
156 3
242 5
504 8
70 6
301 5
237 5
326 9
657 7
275 8
373 4
489 1
568 3
609 4
615 8
252 10
721 6
269 6
285 2
36 2
94 5
296 9
692 10
483 8
105 7
214 3
292 10
741 1
711 8
359 1
373 9
456 5
292 4
596 9
671 8
84 3
226 7
539 1
526 1
744 2
346 2
703 9
172 1
442 1
650 3
502 2
102 5
129 9
161 3
382 1
289 6
429 3
333 4
585 4
657 7
673 5
12 4
48 2
120 9
338 3
644 10
482 7
364 3
676 10
181 9
211 8
580 4
500 8
671 4
693 10
798 8
187 9
196 6
574 2
333 9
547 8
275 6
290 1
500 5
343 9
544 3
383 4
332 1
423 10
443 9
94 4
736 1
105 9
143 9
404 7
418 8
49 10
729 9
737 6
208 9
255 6
114 3
291 2
397 4
322 7
333 6
414 3
5 9
118 7
184 8
196 5
514 10
625 10
596 4
19 8
233 4
728 4
411 1
541 6
790 4
9 9
187 5
405 8
598 1
145 4
35 9
31 9
533 6
77 4
154 7
495 4
80 7
418 10
249 5
388 1
84 8
149 8
254 8
712 7
265 6
285 10
502 7
577 2
581 10
744 3
173 3
366 9
645 7
396 8
540 8
733 5
326 6
490 5
674 5
493 2
526 10
796 6
150 2
326 6
447 5
499 9
613 6
354 6
648 5
758 1
22 2
674 9
696 3
741 1
335 6
482 1
649 8
710 5
97 4
242 6
355 10
302 1
756 2
127 10
162 6
383 9
447 5
193 8
778 8
740 5
58 4
474 2
51 5
45 4
133 4
743 6
135 2
500 1
459 2
470 6
629 3
641 2
673 8
545 6
255 2
736 10
275 10
359 9
654 8
734 5
755 6
785 1
120 6
135 10
366 7
733 1
725 9
383 10
422 2
719 9
498 4
50 8
589 2
472 3
475 8
538 1
261 6
233 10
207 1
145 10
721 7
509 1
611 6
83 6
108 4
403 10
265 1
186 4
294 3
306 7
128 10
269 2
305 6
221 1
423 10
600 6
707 10
257 10
346 7
583 4
258 4
405 3
538 6
704 9
777 6
794 5
119 3
495 7
34 5
212 10
587 1
290 3
537 8
106 7
84 1
321 4
400 1
256 9
656 1
126 4
630 10
112 1
11 10
115 4
747 5
199 1
517 9
794 4
594 5
374 8
677 5
16 9
450 9
615 6
476 1
4 2
98 5
390 6
691 3
729 9
23 3
168 6
117 7
253 5
318 10
524 8
109 1
281 1
796 1
495 7
546 7
204 6
141 3
72 9
97 5
495 4
70 1
88 2
600 2
596 5
617 1
98 2
686 6
54 7
178 2
291 6
515 4
439 4
3 4
64 6
290 7
664 4
326 1
711 8
513 3
178 4
654 7
103 9
796 10
475 1
420 9
493 7
622 2
764 8
131 4
176 4
229 2
526 9
309 10
309 10
341 1
359 8
367 10
387 9
445 1
501 7
583 1
727 8
75 1
690 6
498 6
93 4
338 5
366 4
743 8
770 9
455 10
526 5
489 8
199 9
125 7
367 4
644 3
55 5
702 10
447 2
474 7
729 10
542 7
124 8
598 2
357 9
90 9
454 2
360 9
508 4
753 3
359 1
74 4
332 2
63 3
531 6
728 1
110 3
245 3
301 10
93 1
228 3
429 4
500 6
737 3
86 2
572 10
16 10
616 4
356 10
545 7
564 9
42 5
113 7
218 7
163 8
491 1
768 6
295 4
489 8
419 1
525 1
246 8
582 1
269 7
475 4
520 6
659 7
773 5
464 5
6 5
94 5
404 1
378 3
330 7
123 4
18 9
139 4
209 2
55 10
16 2
24 3
254 9
277 6
278 6
306 1
791 2
18 10
652 1
667 10
210 10
193 5
149 9
142 3
227 3
362 8
380 1
439 8
352 10
534 9
740 8
372 8
324 7
770 6
671 6
158 3
116 2
642 1
716 7
366 4
424 1
495 5
516 10
656 6
317 2
266 1
152 1
503 5
503 7
558 7
696 4
196 8
261 4
265 9
269 6
633 8
353 7
650 1
430 6
464 1
648 8
28 6
66 1
280 6
226 2
351 5
482 4
31 6
346 3
685 3
647 5
598 10
25 3
178 9
527 5
393 10
395 4
262 3
311 5
377 2
668 7
599 10
656 5
667 9
778 5
97 1
224 3
716 4
727 1
536 5
358 10
541 6
162 8
599 2
679 5
144 4
309 1
760 3
209 1
769 3
140 8
164 5
66 9
196 3
608 10
478 1
768 9
775 6
266 9
779 7
452 5
251 10
703 2
794 7
7 1
544 3
639 6
1 4
136 7
774 5
98 2
738 4
759 9
292 7
336 3
434 6
575 1
259 2
379 4
437 10
578 1
702 7
348 1
389 4
700 7
225 4
228 4
22 1
171 4
347 1
604 7
397 4
417 7
749 9
708 4
59 9
367 4
373 1
733 3
120 1
228 2
562 10
754 9
225 3
392 2
747 6
335 5
396 10
83 9
535 2
678 7
328 10
415 7
224 7
334 7
475 7
478 5
795 4
81 2
152 7
278 6
427 4
499 9
9 7
281 10
756 8
739 5
110 2
549 5
781 3
384 3
319 10
49 2
315 9
510 6
147 7
159 6
339 10
171 9
81 7
675 4
258 1
316 1
309 8
551 6
564 8
285 9
0 10
316 9
691 9
202 7
92 3
758 8
560 1
656 3
102 10
151 4
166 7
215 2
328 8
147 4
687 4
461 3
19 10
56 1
109 8
153 1
379 3
612 9
263 3
771 6
449 9
241 8
731 7
447 10
104 6
497 6
509 10
540 6
705 1
276 9
286 7
311 4
116 3
331 4
20 3
194 9
377 8
383 5
615 5
635 4
763 3
187 6
313 4
309 10
795 8
349 4
164 4
735 1
389 10
124 5
533 10
645 4
600 9
89 4
237 7
55 8
575 10
583 4
576 10
630 9
28 9
151 8
752 5
77 3
146 2
329 8
442 6
126 6
451 4
614 8
12 6
258 9
349 1
254 4
567 8
621 8
672 7
117 8
31 8
298 8
530 8
734 7
523 3
614 9
382 3
160 2
434 9
683 7
790 5
202 5
205 1
767 2
456 8
723 6
411 4
338 2
110 1
544 6
366 8
679 2
233 6
241 7
471 6
323 3
399 10
682 7
683 10
26 6
363 3
346 4
82 1
542 7
660 7
160 4
328 1
205 8
107 4
503 9
55 1
229 7
614 6
627 4
666 2
85 3
436 4
140 7
261 1
375 3
764 9
233 2
101 9
427 8
34 7
53 8
266 4
282 9
287 10
9 5
206 3
366 5
615 6
568 1
732 8
356 3
85 2
530 9
704 3
498 8
435 5
5 1
758 2
784 3
66 10
463 5
485 2
494 9
637 1
165 3
178 8
422 10
395 1
784 1
309 9
163 9
45 4
179 7
426 5
432 8
524 5
550 5
588 1
610 3
629 7
75 2
138 10
143 8
219 9
482 1
274 1
517 4
544 10
765 1
368 10
797 3
347 4
456 5
399 4
613 1
798 6
158 10
624 1
300 6
785 3
495 2
582 2
713 5
38 2
66 6
248 10
401 5
204 5
577 8
99 5
169 9
350 2
113 5
56 7
127 1
337 10
476 6
396 4
121 6
247 3
83 5
386 1
337 4
153 5
351 10
393 4
472 9
276 8
649 9
61 10
67 7
269 4
726 1
59 4
348 4
522 4
572 1
611 4
753 2
24 2
63 4
523 10
27 7
411 4
468 7
562 10
595 3
389 4
571 10
109 4
378 10
295 1
47 8
85 4
759 5
480 9
494 8
527 1
593 1
391 5
414 7
618 2
786 7
209 5
560 1
719 3
104 4
128 6
290 10
670 10
60 4
458 5
795 9
268 7
323 1
448 5
174 3
720 4
639 6
272 8
292 3
155 4
672 5
577 5
167 7
589 1
170 4
148 9
62 8
602 8
754 6
33 2
17 1
64 7
685 4
740 2
135 7
237 10
433 2
430 4
533 8
526 8
574 7
578 4
743 5
219 6
548 1
468 1
24 7
490 4
772 8
120 10
271 1
143 10
587 1
398 4
376 4
566 7
779 5
48 6
776 9
452 10
624 7
694 5
91 6
182 8
207 5
17 2
551 6
47 2
608 5
70 10
252 4
401 7
696 9
164 5
269 3
647 9
686 6
604 2
582 10
352 7
528 8
622 3
656 3
722 7
757 1
30 2
422 8
14 6
555 9
50 7
693 3
348 7
109 1
183 4
268 8
274 10
12 9
672 2
623 9
472 9
541 7
321 1
218 3
220 4
31 3
248 8
690 9
308 9
581 5
217 9
459 3
577 10
386 10
416 8
176 9
494 5
287 2
7 5
82 3
291 10
266 10
193 10
640 1
536 7
579 1
195 4
520 8
331 1
24 4
694 2
706 7
749 8
774 7
14 9
32 4
199 3
651 7
703 5
53 1
659 7
731 1
241 2
387 5
782 1
125 2
131 2
354 4
382 8
166 7
68 1
542 4
543 10
682 1
763 5
10 7
75 9
691 3
454 3
753 6
85 1
261 3
318 4
798 4
43 1
535 8
504 5
558 3
408 4
334 6
226 8
47 6
49 5
479 6
715 2
670 3
72 6
451 5
22 5
121 9
122 2
787 9
387 8
148 3
408 2
533 3
723 8
569 5
599 9
769 5
23 6
52 8
346 6
375 9
738 1
618 3
44 3
186 1
672 9
384 5
731 6
161 1
213 3
144 7
4 8
381 4
531 10
503 10
187 3
704 6
61 6
346 10
464 5
173 6
230 2
641 9
677 3
46 2
243 2
305 4
328 8
160 5
562 2
713 5
726 8
795 7
45 7
246 9
749 2
513 4
20 8
490 6
708 10
764 1
207 6
471 2
714 8
260 1
372 6
583 4
616 10
481 1
495 2
672 6
90 9
267 9
166 7
476 4
4 6
103 2
704 6
218 9
518 2
765 5
10 6
309 1
20 8
491 3
450 7
701 9
171 10
49 2
770 6
16 1
682 2
782 9
247 7
278 5
282 5
314 2
365 10
492 4
583 8
519 6
454 1
666 1
702 5
745 10
103 3
197 6
404 5
198 2
494 3
467 2
137 5
21 4
73 5
136 7
364 9
643 5
240 8
299 9
445 7
519 1
431 5
372 4
13 7
170 1
557 7
636 3
343 5
412 10
39 6
478 2
747 1
32 9
130 10
457 9
466 9
751 10
169 8
315 2
428 3
447 1
245 6
620 7
788 8
14 2
156 7
312 10
702 2
129 6
580 3
258 5
376 8
389 5
684 9
188 1
484 1
519 2
524 5
759 5
768 8
774 2
453 9
216 2
688 5
489 1
220 6
176 4
403 5
604 3
468 4
284 2
421 3
116 4
603 5
87 8
211 8
589 6
86 5
742 4
59 8
73 1
196 5
192 7
362 3
541 6
160 6
797 6
694 3
467 8
569 7
606 8
717 7
58 4
154 6
697 1
701 1
146 9
385 5
799 9
208 8
488 9
334 1
322 5
437 5
483 1
100 6
199 1
192 1
751 5
453 9
535 1
172 4
573 6
590 6
624 1
709 3
246 2
448 2
461 8
772 2
490 3
55 2
458 4
409 1
398 7
545 1
733 6
547 3
76 5
91 1
284 6
476 1
610 5
772 2
148 4
378 6
441 2
127 10
624 9
27 1
122 9
573 10
579 2
396 9
691 5
21 1
288 3
418 9
746 4
179 4
115 5
179 1
208 8
47 4
87 5
283 2
314 7
56 5
45 5
527 7
773 7
308 1
322 4
353 7
288 8
160 1
244 10
299 1
393 6
443 4
470 1
517 8
190 7
513 2
682 6
513 8
666 8
506 8
536 5
225 10
112 9
353 5
40 2
342 1
511 2
452 2
614 9
792 10
97 8
238 2
431 6
655 10
83 8
167 9
36 2
23 3
238 9
54 6
400 9
137 6
677 10
217 10
442 1
751 5
706 2
136 10
609 4
263 7
335 4
388 1
280 1
523 3
715 1
612 3
166 10
256 8
464 1
553 10
768 6
559 7
14 10
57 3
185 1
582 8
208 9
456 1
546 2
385 2
113 8
490 7
741 5
643 2
713 1
712 7
546 2
584 4
49 6
623 7
682 7
526 1
45 4
789 1
164 1
463 9
101 10
35 5
234 7
312 8
321 8
457 1
500 3
254 1
617 7
563 5
628 10
161 5
277 5
410 4
440 6
485 7
467 3
225 3
606 4
620 7
76 3
445 3
656 5
320 1
447 4
666 6
635 9
719 6
553 1
637 1
74 2
84 5
277 2
38 9
308 7
710 6
4 6
113 3
422 5
448 3
385 9
172 5
400 8
639 5
652 1
31 5
194 9
274 4
293 7
302 7
442 2
390 2
331 5
222 8
303 4
670 1
63 5
188 2
129 9
747 10
614 9
71 9
551 5
365 6
700 3
724 3
173 3
566 8
184 10
288 4
384 8
721 7
310 6
573 5
616 3
175 1
278 9
575 6
354 9
148 7
719 6
735 7
27 8
60 10
201 4
264 8
284 1
489 3
774 6
265 5
318 6
53 4
644 5
133 6
309 7
205 8
722 1
686 3
772 5
185 10
275 7
260 2
505 5
632 2
332 5
332 7
380 9
139 4
436 10
775 6
26 8
253 8
683 1
429 5
160 9
206 4
502 5
207 5
559 6
555 2
694 1
477 8
99 10
240 5
52 5
35 1
6 3
746 7
59 3
190 8
316 4
541 8
158 10
704 8
786 7
365 10
289 1
357 6
72 2
570 7
225 2
536 7
478 2
730 8
631 4
547 9
563 4
585 6
664 10
40 7
227 10
182 7
711 3
53 6
83 1
250 9
307 3
440 4
476 2
46 1
476 8
166 9
236 1
270 10
794 9
538 10
74 8
104 8
127 4
167 3
222 10
305 4
736 2
735 10
662 8
57 1
84 9
119 6
178 7
331 10
298 9
388 4
476 8
105 3
621 1
648 5
546 3
235 2
444 2
778 6
525 1
665 5
699 6
447 6
450 1
227 10
456 2
226 2
738 10
757 3
758 5
322 6
424 8
53 8
196 7
41 7
577 10
650 6
759 4
799 2
22 7
397 4
693 4
197 5
567 3
780 9
200 4
398 10
482 3
374 3
27 8
301 8
456 5
387 5
789 3
574 4
618 9
2 5
321 1
25 5
739 8
518 1
632 8
769 6
792 8
25 6
40 5
259 1
309 9
312 5
277 10
408 8
60 5
487 1
140 6
146 9
337 5
474 7
400 1
772 6
612 5
663 1
56 8
694 6
415 8
572 10
712 9
44 3
568 3
576 5
247 4
673 10
374 8
384 9
559 7
584 1
703 4
700 7
737 3
775 7
15 7
317 6
436 10
587 5
635 8
139 1
165 3
99 3
171 4
648 9
537 2
564 4
118 1
162 2
273 6
369 10
408 8
433 3
537 9
17 10
549 8
654 7
329 9
628 6
762 10
429 8
466 1
732 4
351 2
544 9
339 5
477 5
510 7
667 6
423 7
613 4
180 8
533 9
294 8
628 1
61 1
532 2
601 3
624 2
227 7
514 10
604 1
288 1
160 5
292 6
134 10
259 1
729 1
156 5
664 4
702 3
365 6
276 8
88 7
86 4
271 6
461 6
508 8
418 7
339 6
785 7
379 7
427 4
314 7
729 7
49 7
427 10
86 7
591 6
628 5
696 9
721 7
266 3
344 3
377 6
535 9
658 8
81 4
388 10
682 1
36 1
285 6
468 1
624 2
319 7
82 4
748 8
485 2
518 3
302 7
687 4
486 2
147 4
265 8
469 3
81 2
599 4
511 9
224 1
669 7
4 10
160 3
237 1
409 1
751 7
672 9
603 10
711 5
81 5
164 4
232 4
355 5
669 7
533 8
665 9
710 7
387 5
241 6
359 6
413 6
496 5
184 4
632 2
652 7
194 8
40 5
483 10
651 7
492 1
66 10
229 4
587 3
224 6
590 8
715 10
117 4
160 1
505 2
54 8
416 9
160 4
577 6
59 6
580 5
28 3
618 2
125 5
771 2
112 6
79 10
451 7
574 1
688 6
724 4
760 10
197 3
649 8
332 7
35 2
429 3
702 10
505 6
530 7
483 7
135 7
159 8
772 5
594 7
27 4
82 1
361 1
402 1
575 4
127 2
602 6
251 9
569 3
102 2
611 4
764 2
41 9
350 10
439 2
68 5
398 10
102 4
669 9
77 1
116 7
489 5
747 10
206 9
706 3
511 4
632 1
234 1
359 8
532 4
319 9
227 3
688 6
718 9
205 10
228 1
649 9
52 3
679 5
748 7
114 9
151 9
218 6
411 7
209 9
497 8
658 6
744 5
757 2
94 3
373 8
522 3
756 6
37 2
584 8
715 9
769 8
98 8
529 3
383 1
245 5
254 3
700 5
124 7
178 1
561 3
165 9
433 5
461 7
13 8
716 5
225 7
510 7
61 1
730 9
688 8
781 3
399 10
721 1
751 9
636 3
628 8
779 8
123 1
319 10
528 10
238 6
397 1
690 4
729 3
217 6
498 5
471 10
466 6
783 8
793 2
87 6
144 2
265 2
408 7
524 4
718 3
557 1
13 4
37 1
159 9
170 10
346 1
370 10
499 6
560 4
157 4
612 7
370 10
529 5
619 9
26 2
749 4
46 7
0 6
391 8
405 5
421 10
521 10
275 2
555 6
795 7
578 4
683 7
792 3
347 1
408 4
577 4
718 7
636 1
735 9
793 3
217 1
129 6
612 7
471 2
423 1
244 2
264 4
556 5
455 3
70 6
727 3
44 7
420 5
275 10
751 1
681 2
30 1
250 3
415 10
484 8
390 2
145 4
321 1
250 8
292 4
370 4
442 4
447 8
160 1
15 8
309 1
667 10
28 9
132 10
187 5
530 1
486 4
748 8
567 8
222 4
261 4
715 9
511 6
615 2
43 6
72 7
665 6
11 7
179 1
294 1
411 1
531 5
554 3
671 7
189 9
616 2
643 7
154 8
130 9
131 4
387 1
55 6
594 5
213 2
288 2
405 1
459 6
763 7
554 8
128 6
466 6
128 1
727 10
655 8
609 6
593 8
543 6
676 10
93 1
156 1
168 3
707 8
43 1
671 4
38 6
616 2
591 8
628 2
400 1
16 10
298 5
588 5
620 7
559 7
231 2
649 5
398 3
48 2
180 1
646 6
789 1
13 6
158 2
304 5
258 9
270 4
695 3
95 4
106 8
636 10
198 5
55 8
226 5
272 1
315 2
336 10
135 3
47 6
618 8
635 5
670 8
678 9
717 9
340 2
547 4
101 10
660 10
433 9
338 10
600 6
730 8
238 6
304 2
369 9
291 6
740 4
241 5
599 6
722 7
33 1
537 3
406 8
779 2
186 10
633 2
560 6
459 5
150 9
548 10
348 7
415 2
458 3
538 1
699 3
244 9
227 8
609 2
193 3
623 4
248 7
234 7
662 7
730 7
141 9
740 4
461 8
701 7
490 4
735 6
630 6
11 6
342 10
413 5
111 9
7 2
701 9
771 1
141 3
226 3
481 4
591 6
604 2
233 4
254 4
697 7
246 1
470 5
78 8
387 3
241 5
689 7
397 4
151 6
561 4
289 6
724 5
748 6
8 8
363 9
575 7
579 7
640 2
527 5
482 3
655 8
657 8
128 10
278 6
389 1
650 1
536 4
726 4
80 2
210 5
381 6
496 9
478 9
644 10
372 8
374 9
299 6
383 6
366 5
585 2
254 8
8 4
106 5
319 4
442 10
498 3
587 2
592 2
742 10
304 1
489 7
200 3
687 9
401 2
434 3
556 2
524 9
738 3
598 8
576 9
797 6
181 3
714 6
133 1
137 9
594 7
189 10
454 7
490 7
114 10
517 1
130 9
373 8
789 9
415 3
49 6
233 3
308 2
418 9
487 7
605 4
151 10
208 9
33 7
390 1
471 9
545 2
412 7
537 2
466 1
790 10
48 1
62 2
77 7
270 10
691 5
81 9
756 7
189 3
664 3
188 1
94 9
116 5
138 9
153 1
194 10
235 8
381 4
39 9
688 9
702 2
730 1
235 4
534 6
537 1
593 2
571 8
489 10
77 10
543 5
128 7
193 6
252 9
387 7
224 6
284 3
780 4
703 8
101 6
133 1
607 6
211 6
370 9
296 10
65 4
511 4
704 7
235 1
232 5
239 3
502 2
552 2
525 8
563 1
685 7
699 9
732 7
764 10
333 8
602 2
643 9
659 7
88 10
175 7
180 3
51 2
492 9
531 8
690 2
699 10
366 4
598 5
67 6
571 3
597 10
578 1
779 4
451 3
695 5
783 2
20 4
385 1
492 1
746 8
161 5
650 6
720 3
668 6
29 8
183 7
191 1
344 6
494 5
404 6
51 1
172 9
203 2
223 5
423 1
612 2
773 5
133 8
28 2
28 8
646 2
650 10
4 5
438 9
284 2
142 4
674 8
331 1
164 6
118 5
138 8
449 5
486 2
633 9
587 7
139 6
727 3
754 9
220 10
614 10
313 3
262 10
500 5
730 6
276 7
369 4
139 2
197 9
699 5
595 6
691 3
640 2
770 7
698 6
336 5
414 9
651 8
783 1
232 9
783 2
702 3
532 9
334 8
278 5
517 5
156 10
164 10
558 8
565 9
396 9
280 8
594 5
799 7
100 6
260 3
334 1
521 6
613 1
638 6
735 3
149 5
698 3
640 10
425 7
553 7
647 8
184 5
674 9
718 7
552 7
494 1
112 3
787 5
326 1
725 6
767 3
746 1
240 3
139 8
761 5
208 5
307 7
285 8
533 7
14 9
238 5
479 10
591 8
612 8
226 10
119 9
754 10
760 5
210 10
296 1
491 5
338 5
361 3
331 6
415 3
223 10
235 7
254 7
28 10
612 8
261 7
155 8
544 8
241 10
566 6
227 5
661 8
748 10
789 3
73 7
228 3
322 7
633 7
63 5
99 10
425 7
76 7
599 10
379 7
683 5
23 7
688 4
765 2
36 7
86 1
167 4
223 4
129 8
658 8
515 8
787 9
605 7
700 8
113 9
177 8
527 1
774 6
710 5
72 3
200 1
306 4
626 3
80 8
511 10
539 4
694 2
586 6
689 8
790 2
518 5
549 9
381 2
477 8
492 6
447 1
743 3
46 6
143 7
212 7
536 6
326 10
338 9
583 10
724 5
10 4
338 7
638 6
738 3
733 8
720 6
201 2
549 7
157 10
547 7
562 9
675 1
689 9
115 5
403 10
431 3
495 1
598 8
6 6
764 8
330 6
587 7
592 4
264 4
258 8
81 9
405 5
418 2
435 9
548 9
108 2
373 7
442 6
111 10
261 5
108 5
284 8
529 10
707 3
763 5
72 9
175 10
277 5
651 9
725 9
641 8
279 9
683 6
35 3
669 1
358 4
108 10
709 7
45 1
234 8
171 3
263 10
591 10
79 9
188 1
480 10
438 3
298 5
352 7
598 9
680 3
762 1
191 6
565 5
377 2
796 2
340 5
116 10
678 3
143 8
251 3
186 5
581 2
147 7
141 2
446 2
476 6
487 7
378 7
427 1
544 1
247 7
731 2
504 1
660 5
674 6
375 7
154 1
577 7
378 10
793 1
456 9
168 6
193 9
788 1
336 3
632 7
766 2
407 4
54 7
501 3
304 6
414 6
776 3
362 4
546 4
617 9
45 7
20 2
90 2
229 7
457 5
564 6
570 8
627 9
557 6
660 4
20 3
8 1
163 4
665 8
762 3
610 7
799 2
669 9
780 4
179 9
194 4
216 2
310 6
420 9
635 2
249 2
123 5
572 4
146 10
61 3
360 9
428 3
472 5
625 5
646 3
56 2
109 9
300 3
728 8
256 10
244 9
228 2
97 4
417 3
522 4
264 10
231 5
57 2
141 5
461 3
528 6
505 1
664 2
424 2
412 5
723 6
9 6
596 3
15 4
636 5
763 7
414 9
279 3
543 9
709 4
332 4
16 9
462 1
228 2
609 7
788 10
90 1
92 10
650 3
209 7
646 6
604 3
635 10
645 5
632 9
518 6
743 8
220 2
497 3
662 8
530 7
347 7
568 5
732 5
462 1
606 7
218 1
608 9
445 9
202 4
791 2
53 10
110 2
157 8
165 9
314 10
347 7
455 2
627 2
447 5
539 3
647 3
558 10
720 1
344 2
425 5
530 4
0 9
629 8
779 10
259 9
739 8
384 3
437 6
444 6
508 8
631 7
54 5
292 9
781 7
124 6
149 4
52 3
768 3
365 1
752 10
141 1
481 2
563 3
241 1
424 7
141 4
592 8
673 3
769 10
41 3
291 10
206 4
349 4
784 3
440 10
696 4
466 3
675 7
22 8
115 3
148 1
663 5
493 6
549 7
280 5
224 9
512 3
306 8
548 5
257 8
251 3
180 4
275 7
486 7
528 9
124 4
139 6
54 7
796 9
439 5
486 1
153 6
390 5
796 10
52 10
441 8
168 4
207 8
619 6
119 2
151 1
431 2
482 1
585 9
567 9
554 10
716 1
15 5
28 6
331 7
339 4
715 1
569 5
761 10
787 6
3 1
115 10
598 9
461 7
775 5
147 9
172 2
574 3
578 7
143 3
651 7
564 9
68 8
492 6
246 5
402 3
499 6
287 9
404 4
638 3
702 1
668 6
155 10
255 6
289 7
498 7
571 1
543 7
246 1
85 7
137 2
171 7
501 1
600 7
415 7
376 6
433 8
134 2
694 6
787 5
31 8
236 2
497 3
667 5
557 4
611 5
750 7
39 7
130 1
207 8
287 9
674 9
652 6
21 7
82 6
87 10
397 1
439 8
613 4
339 1
580 3
245 8
643 3
309 8
590 10
271 4
192 6
691 8
55 1
317 1
21 9
169 10
314 10
539 1
542 7
268 9
572 3
300 9
511 8
570 9
644 6
627 1
68 6
599 8
605 7
18 3
46 4
435 6
36 3
425 1
364 7
682 2
755 2
195 7
535 4
700 5
632 7
383 8
774 4
221 6
286 1
469 6
668 8
774 6
349 3
276 5
741 3
374 7
285 5
26 2
119 7
157 3
515 10
607 6
650 3
499 7
578 9
367 1
285 10
515 2
267 1
776 3
151 8
112 3
530 3
318 3
268 6
434 1
618 3
668 3
210 2
345 4
519 10
755 5
47 1
111 10
355 5
525 8
183 4
703 8
742 2
786 9
329 8
600 4
606 4
407 2
34 2
282 5
781 3
93 10
192 3
257 1
280 1
733 3
123 2
485 5
110 7
460 4
739 2
616 10
794 7
409 5
666 3
699 8
311 8
252 3
283 6
101 1
259 2
566 5
246 4
275 3
204 9
447 10
793 8
97 7
177 3
103 1
238 8
507 7
653 1
197 3
637 8
472 4
496 10
563 10
452 1
350 6
297 5
185 5
584 8
658 10
611 6
545 8
565 7
440 2
576 4
348 9
424 8
78 2
95 5
724 7
9 6
130 4
62 8
76 3
225 8
481 5
548 7
571 9
581 1
465 5
453 10
755 8
17 4
130 2
705 10
371 5
75 10
316 3
215 1
397 2
428 6
350 9
655 10
643 9
406 6
751 8
285 6
731 2
738 5
34 8
239 10
355 8
567 6
625 7
281 2
66 4
784 1
519 3
566 2
415 1
15 8
29 7
279 1
361 8
385 2
62 5
519 5
21 8
775 1
81 10
243 2
400 5
521 4
456 5
345 9
341 3
171 5
655 5
557 10
716 10
653 5
41 3
534 10
689 3
678 1
214 2
775 1
123 3
589 7
695 7
366 3
673 5
427 5
382 9
670 8
308 8
632 10
561 2
440 1
771 6
444 5
388 1
660 2
74 3
59 4
685 2
117 8
33 2
182 3
376 2
652 3
133 10
11 5
483 6
705 3
342 9
152 4
456 8
320 6
707 10
433 5
341 3
567 8
525 6
330 6
446 6
646 7
203 5
311 9
176 5
364 6
104 2
556 2
764 6
608 1
467 2
470 2
527 6
559 5
410 8
501 5
322 5
640 5
172 10
474 7
149 1
345 5
500 6
663 6
733 6
732 4
456 2
424 7
717 5
762 1
758 1
530 7
503 6
342 6
100 6
412 9
736 3
66 2
686 3
33 8
71 2
212 10
179 10
292 6
50 6
282 8
518 6
338 5
23 4
343 7
602 2
636 4
703 10
571 8
411 5
29 5
70 2
144 6
522 9
629 4
190 8
74 9
689 4
52 8
60 7
356 3
570 3
704 7
740 3
7 8
65 3
129 2
249 1
426 1
446 9
188 10
39 5
170 5
647 1
647 2
636 2
573 8
237 6
237 4
183 2
211 2
385 3
708 3
756 1
386 1
149 9
123 9
123 4
390 3
541 7
285 1
192 3
27 7
401 7
138 10
54 9
508 7
739 9
432 9
652 5
662 9
213 3
723 5
716 6
198 5
454 8
697 10
684 1
51 2
488 1
524 3
595 1
658 3
621 9
624 10
665 2
148 10
271 4
375 5
326 2
187 7
796 5
701 2
525 8
478 10
11 3
577 3
745 8
573 2
147 1
683 1
578 3
298 4
344 7
514 9
292 5
742 7
353 4
367 8
577 7
403 9
439 7
200 3
110 10
115 10
302 1
308 10
679 2
791 5
713 10
277 6
712 9
88 8
389 3
461 6
619 6
174 4
83 2
175 4
172 3
429 4
264 8
142 7
389 6
463 9
689 2
231 10
649 7
521 2
