2048
0 7
7 7
14 5
19 10
29 7
36 6
42 4
46 6
52 6
58 4
62 6
68 8
76 2
78 2
80 7
87 4
91 2
93 6
99 5
104 3
107 3
110 9
119 5
124 8
132 6
138 5
143 5
148 7
155 14
169 5
174 3
177 4
181 7
188 6
194 8
202 9
211 5
216 3
219 7
226 8
234 3
237 6
243 4
247 4
251 6
257 6
263 7
270 3
273 5
278 5
283 6
289 5
294 5
299 3
302 7
309 8
317 4
321 5
326 8
334 5
339 4
343 8
351 7
358 7
365 4
369 7
376 5
381 3
384 4
388 5
393 5
398 6
404 6
410 6
416 9
425 6
431 5
436 8
444 4
448 5
453 7
460 6
466 7
473 5
478 3
481 6
487 11
498 5
503 7
510 6
516 8
524 5
529 7
536 9
545 6
551 5
556 4
560 6
566 4
570 6
576 6
582 6
588 9
597 6
603 6
609 5
614 5
619 8
627 6
633 6
639 7
646 6
652 11
663 6
669 3
672 7
679 7
686 6
692 6
698 6
704 7
711 7
718 6
724 4
728 6
734 6
740 3
743 6
749 4
753 7
760 9
769 4
773 4
777 9
786 5
791 4
795 6
801 3
804 8
812 10
822 3
825 6
831 8
839 5
844 9
853 12
865 5
870 6
876 3
879 9
888 2
890 4
894 3
897 5
902 6
908 7
915 5
920 6
926 5
931 5
936 6
942 5
947 5
952 6
958 4
962 6
968 8
976 4
980 4
984 4
988 6
994 4
998 3
1001 8
1009 4
1013 8
1021 7
1028 7
1035 3
1038 5
1043 3
1046 10
1056 8
1064 10
1074 4
1078 5
1083 5
1088 8
1096 5
1101 5
1106 6
1112 5
1117 5
1122 6
1128 5
1133 7
1140 4
1144 5
1149 3
1152 5
1157 5
1162 6
1168 4
1172 8
1180 11
1191 3
1194 3
1197 7
1204 10
1214 6
1220 6
1226 11
1237 7
1244 7
1251 8
1259 4
1263 6
1269 2
1271 5
1276 6
1282 6
1288 8
1296 4
1300 7
1307 7
1314 7
1321 7
1328 8
1336 8
1344 5
1349 10
1359 5
1364 4
1368 4
1372 5
1377 4
1381 4
1385 8
1393 4
1397 6
1403 6
1409 9
1418 5
1423 4
1427 5
1432 4
1436 7
1443 5
1448 5
1453 5
1458 7
1465 5
1470 4
1474 3
1477 8
1485 4
1489 4
1493 2
1495 4
1499 11
1510 6
1516 8
1524 5
1529 4
1533 6
1539 5
1544 9
1553 8
1561 8
1569 6
1575 8
1583 7
1590 5
1595 7
1602 3
1605 4
1609 7
1616 4
1620 4
1624 6
1630 6
1636 9
1645 6
1651 4
1655 5
1660 4
1664 6
1670 3
1673 5
1678 5
1683 5
1688 6
1694 11
1705 4
1709 4
1713 7
1720 2
1722 2
1724 4
1728 5
1733 12
1745 7
1752 4
1756 6
1762 7
1769 10
1779 6
1785 3
1788 6
1794 7
1801 6
1807 8
1815 5
1820 7
1827 2
1829 4
1833 8
1841 6
1847 4
1851 4
1855 6
1861 8
1869 6
1875 8
1883 7
1890 4
1894 5
1899 5
1904 6
1910 6
1916 5
1921 7
1928 8
1936 8
1944 6
1950 7
1957 3
1960 8
1968 7
1975 5
1980 4
1984 4
1988 8
1996 5
2001 8
2009 10
2019 10
2029 3
2032 4
2036 7
2043 8
2051 6
2057 6
2063 8
2071 7
2078 6
2084 3
2087 7
2094 6
2100 5
2105 8
2113 4
2117 6
2123 4
2127 4
2131 7
2138 6
2144 6
2150 4
2154 3
2157 6
2163 6
2169 6
2175 3
2178 6
2184 6
2190 8
2198 6
2204 9
2213 5
2218 6
2224 6
2230 9
2239 3
2242 9
2251 6
2257 6
2263 5
2268 7
2275 5
2280 7
2287 10
2297 6
2303 8
2311 4
2315 9
2324 7
2331 8
2339 5
2344 7
2351 7
2358 10
2368 4
2372 7
2379 8
2387 5
2392 8
2400 4
2404 9
2413 3
2416 6
2422 5
2427 4
2431 6
2437 8
2445 4
2449 6
2455 5
2460 5
2465 5
2470 5
2475 6
2481 5
2486 5
2491 7
2498 4
2502 4
2506 5
2511 4
2515 3
2518 6
2524 8
2532 6
2538 5
2543 4
2547 5
2552 3
2555 4
2559 7
2566 6
2572 7
2579 4
2583 7
2590 7
2597 8
2605 6
2611 7
2618 6
2624 7
2631 8
2639 4
2643 5
2648 5
2653 5
2658 10
2668 11
2679 6
2685 5
2690 8
2698 7
2705 6
2711 8
2719 3
2722 6
2728 5
2733 3
2736 5
2741 5
2746 5
2751 5
2756 3
2759 3
2762 7
2769 6
2775 4
2779 4
2783 8
2791 5
2796 5
2801 3
2804 4
2808 8
2816 4
2820 7
2827 4
2831 6
2837 3
2840 5
2845 6
2851 7
2858 3
2861 7
2868 4
2872 7
2879 7
2886 6
2892 8
2900 6
2906 7
2913 3
2916 9
2925 5
2930 5
2935 8
2943 6
2949 7
2956 7
2963 6
2969 7
2976 7
2983 3
2986 5
2991 12
3003 4
3007 8
3015 7
3022 3
3025 6
3031 5
3036 4
3040 8
3048 7
3055 6
3061 5
3066 8
3074 5
3079 6
3085 4
3089 7
3096 7
3103 6
3109 7
3116 4
3120 6
3126 4
3130 8
3138 9
3147 5
3152 4
3156 5
3161 4
3165 8
3173 4
3177 3
3180 6
3186 7
3193 7
3200 4
3204 4
3208 6
3214 7
3221 6
3227 5
3232 6
3238 5
3243 5
3248 6
3254 5
3259 7
3266 7
3273 6
3279 6
3285 4
3289 6
3295 4
3299 5
3304 7
3311 7
3318 6
3324 6
3330 2
3332 5
3337 9
3346 5
3351 5
3356 7
3363 5
3368 2
3370 5
3375 4
3379 5
3384 6
3390 3
3393 6
3399 6
3405 7
3412 6
3418 6
3424 11
3435 7
3442 6
3448 7
3455 6
3461 5
3466 6
3472 7
3479 8
3487 2
3489 6
3495 6
3501 5
3506 5
3511 9
3520 5
3525 4
3529 10
3539 3
3542 6
3548 5
3553 5
3558 5
3563 9
3572 5
3577 9
3586 3
3589 10
3599 7
3606 2
3608 4
3612 4
3616 3
3619 6
3625 3
3628 9
3637 9
3646 4
3650 4
3654 10
3664 3
3667 6
3673 4
3677 6
3683 8
3691 6
3697 6
3703 4
3707 4
3711 5
3716 5
3721 6
3727 5
3732 5
3737 4
3741 6
3747 4
3751 5
3756 8
3764 6
3770 4
3774 5
3779 8
3787 6
3793 6
3799 4
3803 9
3812 5
3817 11
3828 6
3834 4
3838 8
3846 6
3852 5
3857 11
3868 3
3871 7
3878 8
3886 6
3892 5
3897 2
3899 6
3905 6
3911 6
3917 7
3924 4
3928 4
3932 5
3937 8
3945 6
3951 7
3958 5
3963 4
3967 10
3977 8
3985 2
3987 9
3996 4
4000 7
4007 8
4015 8
4023 5
4028 5
4033 6
4039 8
4047 3
4050 4
4054 5
4059 5
4064 6
4070 5
4075 4
4079 7
4086 10
4096 5
4101 4
4105 5
4110 4
4114 6
4120 4
4124 7
4131 4
4135 11
4146 4
4150 8
4158 8
4166 7
4173 6
4179 4
4183 4
4187 5
4192 6
4198 4
4202 4
4206 7
4213 4
4217 9
4226 4
4230 5
4235 3
4238 5
4243 6
4249 9
4258 6
4264 4
4268 8
4276 8
4284 5
4289 5
4294 9
4303 7
4310 5
4315 4
4319 6
4325 3
4328 5
4333 3
4336 11
4347 6
4353 4
4357 10
4367 4
4371 4
4375 6
4381 7
4388 10
4398 3
4401 5
4406 6
4412 4
4416 8
4424 7
4431 7
4438 4
4442 7
4449 8
4457 6
4463 6
4469 8
4477 6
4483 6
4489 8
4497 6
4503 8
4511 9
4520 3
4523 6
4529 2
4531 4
4535 8
4543 6
4549 8
4557 8
4565 8
4573 4
4577 4
4581 6
4587 6
4593 6
4599 7
4606 6
4612 2
4614 5
4619 8
4627 6
4633 5
4638 6
4644 4
4648 5
4653 3
4656 6
4662 5
4667 7
4674 5
4679 6
4685 4
4689 5
4694 6
4700 6
4706 8
4714 6
4720 5
4725 9
4734 6
4740 6
4746 8
4754 5
4759 5
4764 8
4772 9
4781 3
4784 5
4789 4
4793 10
4803 7
4810 9
4819 10
4829 4
4833 7
4840 10
4850 7
4857 4
4861 4
4865 5
4870 5
4875 5
4880 9
4889 7
4896 2
4898 3
4901 7
4908 8
4916 5
4921 7
4928 7
4935 6
4941 5
4946 6
4952 5
4957 6
4963 6
4969 8
4977 9
4986 5
4991 6
4997 7
5004 5
5009 6
5015 6
5021 6
5027 6
5033 4
5037 5
5042 7
5049 7
5056 6
5062 4
5066 8
5074 6
5080 8
5088 12
5100 7
5107 6
5113 12
5125 6
5131 7
5138 4
5142 7
5149 6
5155 4
5159 5
5164 6
5170 5
5175 5
5180 6
5186 7
5193 8
5201 9
5210 9
5219 8
5227 4
5231 3
5234 9
5243 7
5250 8
5258 5
5263 10
5273 5
5278 4
5282 8
5290 6
5296 3
5299 6
5305 6
5311 4
5315 2
5317 6
5323 3
5326 8
5334 5
5339 4
5343 4
5347 7
5354 7
5361 8
5369 9
5378 7
5385 7
5392 6
5398 5
5403 7
5410 3
5413 5
5418 6
5424 6
5430 5
5435 8
5443 4
5447 6
5453 4
5457 7
5464 3
5467 7
5474 6
5480 6
5486 5
5491 6
5497 7
5504 3
5507 5
5512 7
5519 5
5524 5
5529 4
5533 6
5539 7
5546 7
5553 5
5558 6
5564 8
5572 5
5577 4
5581 7
5588 6
5594 7
5601 7
5608 5
5613 4
5617 5
5622 6
5628 4
5632 6
5638 6
5644 7
5651 5
5656 6
5662 8
5670 6
5676 4
5680 7
5687 8
5695 5
5700 8
5708 5
5713 8
5721 7
5728 4
5732 6
5738 10
5748 5
5753 7
5760 4
5764 5
5769 6
5775 4
5779 3
5782 5
5787 5
5792 5
5797 8
5805 7
5812 9
5821 4
5825 2
5827 7
5834 4
5838 7
5845 5
5850 6
5856 5
5861 8
5869 5
5874 7
5881 6
5887 4
5891 5
5896 3
5899 6
5905 4
5909 8
5917 5
5922 6
5928 3
5931 5
5936 5
5941 8
5949 4
5953 7
5960 8
5968 6
5974 11
5985 7
5992 6
5998 6
6004 3
6007 6
6013 7
6020 6
6026 7
6033 5
6038 8
6046 9
6055 10
6065 8
6073 7
6080 9
6089 4
6093 7
6100 5
6105 9
6114 7
6121 7
6128 9
6137 8
6145 6
6151 10
6161 6
6167 6
6173 3
6176 8
6184 8
6192 7
6199 8
6207 7
6214 5
6219 6
6225 7
6232 7
6239 9
6248 5
6253 7
6260 11
6271 4
6275 5
6280 2
6282 5
6287 6
6293 3
6296 5
6301 6
6307 10
6317 6
6323 6
6329 5
6334 6
6340 7
6347 6
6353 5
6358 6
6364 6
6370 5
6375 6
6381 6
6387 9
6396 4
6400 7
6407 6
6413 3
6416 7
6423 8
6431 8
6439 4
6443 4
6447 8
6455 7
6462 7
6469 7
6476 5
6481 8
6489 6
6495 3
6498 6
6504 5
6509 8
6517 3
6520 6
6526 9
6535 6
6541 4
6545 6
6551 4
6555 5
6560 9
6569 7
6576 6
6582 8
6590 8
6598 6
6604 4
6608 4
6612 7
6619 7
6626 5
6631 5
6636 4
6640 5
6645 5
6650 8
6658 5
6663 8
6671 2
6673 8
6681 5
6686 2
6688 5
6693 6
6699 9
6708 7
6715 5
6720 5
6725 6
6731 8
6739 4
6743 12
6755 7
6762 6
6768 7
6775 9
6784 5
6789 5
6794 3
6797 7
6804 8
6812 3
6815 5
6820 11
6831 6
6837 6
6843 7
6850 9
6859 8
6867 4
6871 5
6876 7
6883 5
6888 5
6893 3
6896 4
6900 5
6905 5
6910 9
6919 6
6925 5
6930 6
6936 8
6944 6
6950 4
6954 6
6960 4
6964 6
6970 4
6974 8
6982 7
6989 5
6994 5
6999 6
7005 6
7011 2
7013 7
7020 11
7031 7
7038 9
7047 7
7054 4
7058 5
7063 7
7070 4
7074 2
7076 6
7082 6
7088 4
7092 9
7101 3
7104 5
7109 6
7115 7
7122 7
7129 7
7136 4
7140 6
7146 3
7149 6
7155 5
7160 8
7168 4
7172 5
7177 8
7185 4
7189 5
7194 8
7202 5
7207 3
7210 9
7219 5
7224 5
7229 5
7234 8
7242 13
7255 7
7262 8
7270 10
7280 7
7287 5
7292 9
7301 6
7307 5
7312 4
7316 7
7323 6
7329 9
7338 5
7343 6
7349 6
7355 7
7362 9
7371 3
7374 7
7381 6
7387 7
7394 5
7399 5
7404 6
7410 5
7415 6
7421 3
7424 6
7430 8
7438 4
7442 3
7445 6
7451 7
7458 4
7462 8
7470 5
7475 4
7479 4
7483 7
7490 7
7497 6
7503 7
7510 4
7514 8
7522 4
7526 5
7531 11
7542 5
7547 3
7550 6
7556 4
7560 9
7569 5
7574 5
7579 10
7589 10
7599 7
7606 5
7611 7
7618 9
7627 7
7634 8
7642 5
7647 4
7651 7
7658 5
7663 5
7668 5
7673 8
7681 4
7685 6
7691 6
7697 13
7710 4
7714 6
7720 7
7727 5
7732 5
7737 5
7742 5
7747 5
7752 5
7757 3
7760 4
7764 5
7769 6
7775 8
7783 6
7789 8
7797 5
7802 6
7808 7
7815 7
7822 8
7830 4
7834 6
7840 7
7847 5
7852 6
7858 6
7864 6
7870 5
7875 8
7883 8
7891 4
7895 4
7899 9
7908 5
7913 5
7918 14
7932 6
7938 6
7944 9
7953 9
7962 6
7968 6
7974 7
7981 7
7988 6
7994 7
8001 6
8007 6
8013 5
8018 10
8028 5
8033 5
8038 2
8040 6
8046 5
8051 4
8055 6
8061 6
8067 13
8080 9
8089 6
8095 5
8100 6
8106 5
8111 5
8116 6
8122 4
8126 6
8132 2
8134 7
8141 6
8147 6
8153 8
8161 6
8167 8
8175 5
8180 4
8184 4
8188 5
8193 7
8200 4
8204 5
8209 5
8214 4
8218 8
8226 5
8231 5
8236 3
8239 9
8248 5
8253 6
8259 8
8267 7
8274 4
8278 6
8284 6
8290 5
8295 4
8299 4
8303 5
8308 6
8314 7
8321 6
8327 8
8335 6
8341 7
8348 5
8353 5
8358 6
8364 4
8368 12
8380 3
8383 3
8386 6
8392 5
8397 5
8402 6
8408 7
8415 7
8422 9
8431 8
8439 8
8447 5
8452 7
8459 6
8465 4
8469 12
8481 10
8491 7
8498 6
8504 6
8510 7
8517 5
8522 5
8527 6
8533 4
8537 8
8545 6
8551 7
8558 5
8563 7
8570 4
8574 7
8581 4
8585 5
8590 7
8597 8
8605 3
8608 7
8615 6
8621 5
8626 5
8631 7
8638 6
8644 4
8648 7
8655 3
8658 9
8667 8
8675 6
8681 6
8687 4
8691 7
8698 8
8706 6
8712 5
8717 4
8721 7
8728 6
8734 9
8743 7
8750 8
8758 3
8761 3
8764 7
8771 4
8775 7
8782 4
8786 8
8794 6
8800 4
8804 8
8812 3
8815 5
8820 9
8829 7
8836 6
8842 6
8848 4
8852 5
8857 4
8861 9
8870 6
8876 4
8880 10
8890 4
8894 6
8900 5
8905 5
8910 5
8915 5
8920 6
8926 7
8933 10
8943 4
8947 6
8953 7
8960 7
8967 7
8974 4
8978 9
8987 6
8993 6
8999 10
9009 12
9021 6
9027 7
9034 11
9045 6
9051 8
9059 6
9065 5
9070 6
9076 7
9083 9
9092 3
9095 5
9100 5
9105 6
9111 9
9120 7
9127 7
9134 6
9140 4
9144 5
9149 5
9154 4
9158 3
9161 8
9169 8
9177 7
9184 7
9191 10
9201 10
9211 7
9218 9
9227 5
9232 5
9237 3
9240 7
9247 9
9256 7
9263 5
9268 4
9272 7
9279 4
9283 7
9290 6
9296 5
9301 5
9306 3
9309 3
9312 7
9319 5
9324 9
9333 7
9340 6
9346 3
9349 8
9357 4
9361 6
9367 6
9373 4
9377 6
9383 8
9391 2
9393 6
9399 7
9406 4
9410 4
9414 7
9421 5
9426 6
9432 11
9443 6
9449 5
9454 7
9461 5
9466 3
9469 7
9476 6
9482 6
9488 6
9494 5
9499 7
9506 5
9511 6
9517 7
9524 8
9532 6
9538 5
9543 6
9549 7
9556 7
9563 8
9571 8
9579 6
9585 5
9590 7
9597 6
9603 9
9612 4
9616 6
9622 8
9630 8
9638 2
9640 5
9645 7
9652 7
9659 4
9663 5
9668 8
9676 7
9683 5
9688 5
9693 4
9697 5
9702 9
9711 4
9715 5
9720 6
9726 7
9733 4
9737 5
9742 6
9748 9
9757 8
9765 9
9774 7
9781 4
9785 5
9790 7
9797 11
9808 4
9812 7
9819 8
9827 8
9835 5
9840 7
9847 6
9853 7
9860 4
9864 3
9867 4
9871 12
9883 6
9889 4
9893 7
9900 9
9909 7
9916 6
9922 6
9928 5
9933 6
9939 6
9945 9
9954 5
9959 3
9962 6
9968 10
9978 5
9983 5
9988 5
9993 6
9999 5
10004 5
10009 5
10014 8
10022 9
10031 6
10037 6
10043 8
10051 4
10055 6
10061 9
10070 6
10076 5
10081 7
10088 6
10094 8
10102 7
10109 7
10116 6
10122 5
10127 7
10134 4
10138 2
10140 5
10145 4
10149 8
10157 6
10163 6
10169 6
10175 4
10179 9
10188 7
10195 6
10201 8
10209 4
10213 6
10219 8
10227 4
10231 3
10234 4
10238 4
10242 3
10245 6
10251 9
10260 5
10265 9
10274 4
10278 7
10285 4
10289 5
10294 8
10302 11
10313 7
10320 6
10326 4
10330 6
10336 8
10344 6
10350 5
10355 3
10358 6
10364 4
10368 6
10374 8
10382 7
10389 5
10394 5
10399 6
10405 5
10410 4
10414 3
10417 7
10424 6
10430 5
10435 7
10442 6
10448 6
10454 4
10458 5
10463 8
10471 8
10479 8
10487 4
10491 5
10496 9
10505 11
10516 8
10524 7
10531 6
10537 8
10545 7
10552 4
10556 6
10562 8
10570 6
10576 5
10581 4
10585 4
10589 8
10597 6
10603 10
10613 9
10622 8
10630 4
10634 12
10646 9
10655 7
10662 8
10670 7
10677 5
10682 4
10686 7
10693 6
10699 5
10704 8
10712 7
10719 7
10726 4
10730 4
10734 4
10738 5
10743 5
10748 4
10752 4
10756 9
10765 4
10769 4
10773 5
10778 8
10786 4
10790 5
10795 8
10803 5
10808 9
10817 6
10823 7
10830 5
10835 5
10840 7
10847 5
10852 4
10856 7
10863 3
10866 5
10871 7
10878 7
10885 4
10889 8
10897 6
10903 6
10909 6
10915 7
10922 8
10930 5
10935 10
10945 6
10951 5
10956 6
10962 5
10967 6
10973 5
10978 6
10984 6
10990 3
10993 9
11002 8
11010 5
11015 6
11021 4
11025 3
11028 2
11030 9
11039 6
11045 4
11049 4
11053 3
11056 9
11065 8
11073 4
11077 8
11085 10
11095 5
11100 7
11107 6
11113 6
11119 8
11127 4
11131 6
11137 6
11143 6
11149 3
11152 5
11157 4
11161 7
11168 11
11179 6
11185 9
11194 5
11199 7
11206 4
11210 4
11214 5
11219 6
11225 4
11229 3
11232 3
11235 7
11242 11
11253 4
11257 6
11263 4
11267 4
11271 5
11276 4
11280 7
11287 9
11296 5
11301 7
11308 3
11311 6
11317 4
11321 6
11327 5
11332 4
11336 6
11342 4
11346 9
11355 9
11364 4
11368 8
11376 3
11379 5
11384 7
11391 7
11398 4
11402 5
11407 4
11411 3
11414 4
11418 7
11425 5
11430 4
11434 4
11438 5
11443 6
11449 4
11453 4
11457 7
11464 8
11472 4
11476 6
11482 7
11489 4
11493 6
11499 7
11506 9
11515 6
11521 5
11526 4
11530 4
11534 6
11540 2
11542 10
11552 6
11558 4
11562 5
11567 6
11573 6
11579 5
11584 4
11588 8
11596 6
11602 5
11607 5
11612 6
11618 5
11623 3
11626 5
11631 11
11642 7
11649 5
11654 9
11663 6
11669 6
11675 6
11681 6
11687 5
11692 8
11700 4
11704 6
11710 5
11715 5
11720 6
11726 6
11732 4
11736 9
11745 6
11751 6
11757 7
11764 4
11768 5
11773 6
11779 3
11782 5
11787 4
11791 5
11796 11
11807 5
11812 7
11819 5
11824 5
11829 7
11836 8
11844 8
11852 8
11860 8
11868 6
11874 2
11876 3
11879 6
11885 6
11891 7
11898 6
11904 7
11911 3
11914 8
11922 4
11926 7
11933 3
11936 5
11941 8
11949 5
11954 5
11959 5
11964 6
11970 5
11975 7
11982 7
11989 7
11996 7
12003 8
12011 4
12015 6
12021 8
12029 4
12033 7
12040 6
12046 7
12053 11
12064 9
12073 7
12080 4
12084 11
12095 5
12100 7
12107 6
12113 9
12122 4
12126 6
12132 5
12137 5
12142 3
12145 7
12152 5
12157 3
12160 6
12166 3
12169 4
12173 3
12176 2
12178 6
12184 4
12188 7
12195 5

68

12200
1269 2
1522 4
736 5
1640 1
263 4
365 10
571 5
399 5
188 5
794 8
541 5
1133 10
1958 10
1969 1
391 7
886 1
514 2
1272 6
1929 6
1672 8
21 5
907 5
668 8
1337 4
1603 9
1772 6
1814 9
1863 6
1932 5
1093 4
439 8
1264 4
1573 2
114 4
605 8
635 6
1886 5
636 5
603 7
1092 4
904 4
1101 1
1312 4
1017 9
293 7
720 9
273 4
272 3
804 10
1226 7
1609 6
1868 7
1051 9
1141 10
1092 5
627 9
278 10
1625 7
646 1
676 9
1189 8
1745 3
1972 7
392 1
1418 5
1158 4
1304 8
1561 5
1114 6
110 2
127 9
294 10
1249 7
1296 1
1611 1
1859 10
235 9
1872 1
708 3
940 1
1146 7
1107 10
93 2
449 7
103 9
519 10
1711 4
300 2
142 1
930 6
451 2
1545 5
865 7
1825 2
341 5
1868 10
713 2
1248 2
1363 9
632 4
366 1
1802 6
44 5
654 10
730 6
889 1
684 6
1707 7
1542 1
1149 10
3 5
1396 1
756 3
147 5
868 1
223 7
1422 4
1668 9
2004 3
740 4
1622 4
526 10
396 3
566 2
1246 7
111 10
1494 5
2013 3
255 8
784 3
1313 1
1529 5
1524 1
1177 9
353 10
1496 6
682 5
1913 4
1693 3
1721 10
1724 4
212 10
577 10
1655 5
2030 4
1403 1
561 8
1211 7
1491 7
1186 9
1774 10
1786 3
343 5
557 9
1387 4
1013 2
1101 7
461 2
235 10
374 4
424 1
862 8
1106 2
1167 10
1324 10
1594 8
1879 8
1902 6
2017 1
181 2
1255 6
103 7
163 5
1227 4
1789 1
1663 4
229 7
1633 5
298 8
1100 4
1337 10
1859 9
133 5
1764 3
823 9
115 4
357 9
1539 5
1395 2
1648 4
1120 4
1150 9
1747 1
1974 3
1092 9
1202 10
194 9
325 4
712 2
807 5
1385 7
1851 3
1427 7
1145 8
1312 10
69 8
893 4
938 5
1228 5
1521 7
1655 10
633 10
1283 1
428 4
609 2
772 2
1854 8
1679 3
846 6
181 1
1988 10
1326 2
616 5
723 10
1696 6
1749 6
1455 5
1618 7
1013 6
182 3
243 6
1061 2
1290 5
1311 10
1312 3
159 3
1055 10
1621 5
1826 3
46 10
1004 1
1577 3
1901 4
1236 8
938 6
582 3
1636 6
445 8
1059 7
973 6
1608 5
18 5
190 8
859 2
536 10
679 2
826 9
447 10
179 3
238 4
208 2
1550 8
1662 8
1705 4
102 3
41 10
842 7
280 1
497 4
892 10
1157 8
1966 4
1491 4
1494 6
1484 6
681 6
496 2
219 3
1316 9
1305 9
257 4
1251 8
1645 5
444 4
574 7
589 2
864 5
1155 4
1732 5
365 3
1519 6
2008 8
266 6
1168 10
1755 8
1917 9
632 9
723 5
916 6
1986 1
799 9
442 4
1365 6
433 8
270 1
488 6
778 10
821 5
1588 2
1184 5
1129 7
86 1
276 8
1442 1
1822 4
1952 4
1984 6
850 8
1141 5
1955 2
1491 5
385 2
1571 2
1172 9
180 6
1811 3
1835 5
115 7
321 2
766 10
837 4
1229 1
1557 5
1563 8
1272 8
1279 1
254 1
845 10
1056 2
1899 5
560 7
79 1
1973 9
684 4
1007 7
407 2
721 7
923 1
946 4
1179 5
1266 2
525 3
1279 2
79 4
145 1
916 6
941 7
1443 7
1850 8
132 10
1257 4
834 7
684 10
1152 1
1488 7
1462 1
226 1
398 2
633 4
340 1
399 2
225 2
424 6
726 6
1121 6
1179 2
534 9
1339 9
972 4
1303 4
1520 5
1552 8
1538 6
833 5
1514 3
382 2
1268 5
1472 9
35 8
976 1
638 10
990 2
1849 10
1361 4
381 7
1152 9
419 9
1790 3
1027 10
393 1
301 6
1335 1
741 3
947 4
1019 2
1556 8
339 7
558 2
1647 6
1996 10
1277 9
588 5
179 9
239 6
542 7
1542 7
476 10
1105 5
1338 9
1726 8
291 7
965 7
1471 1
1821 3
1898 10
1056 4
204 6
714 4
1608 2
1633 4
1856 6
1059 8
237 10
1390 9
1453 2
1582 6
678 2
173 3
1900 10
477 10
620 9
925 9
1231 6
1433 10
777 2
1013 6
1047 9
1059 1
62 4
60 1
397 9
1433 9
1517 7
1196 8
282 7
1156 7
142 5
506 3
827 1
1322 9
1345 6
1529 1
100 4
345 8
546 5
1060 8
1269 5
904 7
200 6
406 9
578 1
943 7
1453 2
1241 2
1335 1
424 7
1852 9
387 6
1077 6
1127 10
590 7
138 3
1178 2
391 7
896 5
1432 10
2046 7
55 1
1105 2
513 3
1093 6
710 10
499 3
512 8
580 7
1007 2
1120 4
1264 8
1126 8
1808 10
265 2
964 3
1671 8
1724 1
809 7
824 8
1265 10
1949 2
2003 3
2008 1
682 7
1608 3
457 6
528 1
832 5
1888 2
151 9
1774 8
1759 6
854 6
423 10
1172 4
1846 5
1900 4
1980 10
1930 8
600 9
232 6
1070 2
924 6
121 5
1109 8
262 7
1045 9
1087 5
1360 6
14 2
393 4
790 10
1426 5
1501 5
798 10
902 2
1202 2
1923 10
477 9
1018 10
1116 5
1784 8
629 4
1678 10
731 5
1189 6
401 8
366 6
374 6
163 10
250 7
1900 6
300 2
1133 5
838 5
227 1
1569 3
1829 2
1970 6
730 10
1726 5
559 6
1671 6
432 9
1172 3
1824 5
1226 4
434 6
455 4
81 4
998 10
486 1
571 1
1490 5
1740 4
1940 5
1329 6
133 5
418 7
428 2
2018 9
46 3
1982 8
512 5
748 8
1535 3
460 7
671 10
814 6
1431 1
29 7
14 9
584 9
1282 7
1757 4
1941 10
1228 3
1642 8
364 10
447 1
480 8
1946 10
155 10
528 8
1965 7
1051 9
1161 1
1367 6
500 9
507 8
1032 8
1291 7
530 7
418 3
961 8
1677 3
765 9
771 9
815 10
1836 1
1214 3
333 4
286 5
713 4
764 9
1910 8
1512 10
1779 9
561 9
270 6
406 7
813 7
11 2
1246 5
224 9
178 10
184 6
245 5
701 7
23 10
987 9
1758 5
278 9
320 6
465 2
647 1
1922 4
455 7
752 3
673 3
738 4
874 1
891 6
1162 3
1317 5
1373 9
890 4
1021 2
692 7
1251 1
1207 4
1834 9
4 4
270 5
1586 4
58 7
259 6
32 4
1322 2
773 1
885 3
918 8
1937 7
1374 5
1725 9
1377 6
141 6
147 8
1465 1
1298 10
353 4
386 10
560 10
1096 3
1691 4
395 8
382 4
577 9
958 4
964 8
1759 9
804 7
852 7
1856 8
1111 3
148 10
1354 6
623 3
606 8
535 8
826 6
1538 4
1782 2
1958 1
92 5
1862 9
1033 1
1538 5
702 4
223 8
549 10
608 5
1721 10
1193 8
1168 6
268 3
1372 1
1226 6
1068 3
1401 8
1252 6
1270 10
868 9
750 7
761 2
1408 6
1777 1
1623 9
1628 8
853 5
1299 10
1527 7
1719 10
1861 4
1635 9
2021 7
11 9
440 9
1070 2
1617 6
1738 3
1895 6
1107 8
1880 6
1929 1
374 6
1335 2
2029 4
361 3
1508 10
1511 1
1604 4
1761 9
2026 6
1506 5
1043 4
1604 4
473 9
1416 6
1719 6
1759 8
1797 5
1678 1
1245 8
1817 2
1079 1
63 10
378 7
548 10
1436 3
32 5
1269 7
769 10
839 6
101 5
239 3
507 10
1302 1
1932 3
1462 6
2018 1
291 6
511 10
1223 7
248 1
1665 7
494 8
485 2
2041 4
1074 8
306 10
330 10
1605 4
1681 1
1449 4
329 6
157 5
85 3
209 8
1363 1
393 6
995 5
1160 7
1421 7
1478 3
1858 10
421 1
1944 5
1955 3
237 6
580 7
1000 7
1135 7
1277 5
1496 8
1182 3
1965 2
1391 9
1521 1
116 6
685 2
881 9
1721 10
1766 9
15 1
80 5
1228 4
1589 7
1469 10
334 1
1201 4
1441 8
394 9
1405 9
152 4
515 4
1953 7
819 1
662 4
811 8
384 3
681 3
821 1
1059 1
1462 5
1764 3
62 1
1580 8
1995 6
1428 9
469 2
1014 8
1019 6
1267 9
1280 8
1306 6
1318 10
1890 7
1960 3
1932 10
630 1
1433 7
1727 8
21 5
116 8
262 2
715 7
1054 5
1192 6
119 10
1942 5
1579 10
1867 9
1148 8
1604 4
682 9
1046 8
1731 8
1833 3
2002 1
2016 3
697 4
391 7
90 9
1180 4
1930 5
1669 7
1905 4
530 5
143 4
1701 3
1436 6
1850 10
187 5
1887 4
733 5
1474 5
1313 4
1758 9
320 4
2024 5
105 10
1761 5
430 6
1854 7
2021 4
1136 5
1411 4
1427 4
690 10
1501 7
1575 5
1731 1
572 1
137 5
328 5
533 1
567 8
701 5
1234 4
1654 1
496 8
810 2
1002 9
40 3
581 7
567 1
1784 2
1813 2
839 2
1749 6
1182 7
1217 1
1313 3
1403 6
1316 6
1868 3
1048 8
1358 1
1717 1
1501 10
1602 9
285 10
1247 3
1541 2
96 10
29 5
772 4
1187 8
431 5
830 1
1605 8
1716 6
483 9
1145 2
643 3
627 2
530 6
563 3
1024 7
1652 8
1049 2
1048 4
539 7
745 6
879 2
1240 1
1596 6
1797 4
1452 7
399 7
682 5
1316 2
247 5
849 7
1058 3
1684 5
1458 4
262 5
1522 3
1830 7
1658 6
321 8
751 4
864 9
1609 3
1889 8
1039 4
872 9
1592 9
1497 7
1343 7
1631 10
1023 7
77 3
1647 10
541 10
1828 6
828 6
911 1
1030 1
1954 3
1859 4
1041 9
356 7
1358 5
1642 10
1150 6
1365 5
253 10
440 10
535 5
1076 4
1514 7
489 3
259 2
178 2
393 1
580 10
752 4
1919 3
211 10
759 5
1453 1
1505 2
710 8
1166 2
1710 6
176 2
110 10
1073 6
45 3
73 9
736 6
938 4
1484 10
57 6
546 2
781 1
29 2
38 1
1544 5
261 3
1636 5
1681 8
382 1
685 1
1397 4
1916 7
39 3
344 3
827 3
1938 5
1789 1
437 8
711 2
1439 9
540 4
489 3
1023 10
1497 6
306 7
516 3
531 5
730 10
1655 8
1765 7
110 6
1732 7
811 7
1009 3
1915 6
1369 8
1305 9
1798 7
1341 3
762 6
1446 5
1186 1
883 1
1550 1
153 5
612 6
1599 3
851 10
1445 3
417 7
1539 7
1785 6
1 5
915 4
648 2
1038 1
1924 8
1635 7
337 4
1291 5
1621 9
1687 4
44 8
1635 7
1801 3
1988 1
281 1
319 8
1147 8
1430 3
601 1
1449 1
1959 8
1400 6
445 2
665 6
1191 4
1638 7
1623 2
213 3
1658 8
663 7
1983 2
2032 6
34 9
559 7
1141 10
393 6
1419 5
842 9
1692 8
850 8
640 3
1234 9
1430 5
1831 5
374 10
483 1
1335 7
1410 7
1260 6
2007 7
358 1
1665 8
1786 2
856 8
1498 9
1875 1
1871 7
1079 3
233 2
835 5
970 3
1510 2
1333 4
82 6
1730 7
1822 2
2046 10
1699 6
887 3
421 2
621 7
2000 4
1590 6
730 2
1214 9
1649 6
1133 2
1919 4
476 1
805 5
900 9
1165 6
1244 7
1909 1
75 6
1958 1
1226 1
1073 4
679 2
850 3
1388 2
1614 1
1696 1
1831 9
1870 6
1754 4
1408 6
1205 3
1347 2
594 6
1201 5
1909 10
1053 7
334 6
913 5
974 2
1068 9
1929 9
45 2
758 7
1323 9
1565 8
1047 5
693 7
940 9
989 7
1383 8
1718 4
138 8
1120 5
225 4
1920 3
1168 2
1226 6
1522 4
779 8
343 2
608 9
797 10
809 5
177 10
472 1
817 6
863 5
1876 2
331 9
571 2
643 10
653 10
1194 7
1210 5
947 8
1533 5
25 10
946 2
748 9
1485 2
1894 3
193 3
1130 9
843 5
506 7
438 7
651 1
1018 2
1839 3
1192 2
934 9
1208 2
1240 2
1338 5
1507 8
2020 8
1822 1
1374 8
500 7
1316 1
604 7
679 4
494 1
625 7
881 5
1897 2
832 3
1086 7
2028 6
1730 9
1435 1
1242 5
1626 3
48 3
1309 4
1915 1
699 4
783 2
1060 3
1929 8
1459 2
1286 4
1778 9
1284 4
2032 9
334 10
928 7
1636 6
1550 6
307 3
368 2
1794 2
1913 9
1888 10
1722 4
870 1
619 10
1293 4
121 8
1153 8
21 7
411 6
1245 6
1420 1
110 9
1930 9
491 1
1187 6
615 10
1120 7
1800 10
65 2
209 4
669 7
946 7
477 2
1173 6
1944 3
64 1
1268 9
1347 9
432 5
733 2
980 3
1485 1
97 1
785 1
859 5
1352 4
1412 8
1579 8
1635 4
1907 9
2046 2
926 6
1220 1
1196 3
341 4
748 4
853 7
1627 2
30 7
520 9
1499 3
490 5
1611 9
305 8
989 9
2016 8
1290 9
447 3
460 10
836 8
887 2
1093 2
2043 2
1566 7
1349 6
642 1
1319 8
1327 3
605 7
91 6
366 1
600 7
199 2
1074 9
258 6
544 5
709 1
529 7
237 9
454 1
1834 7
12 9
28 10
551 1
1721 7
970 1
1987 9
817 3
1929 4
76 10
234 9
382 4
139 6
1605 1
1787 4
690 10
1558 8
45 4
371 8
1436 3
1450 7
1145 8
133 3
1773 9
73 6
857 5
1334 3
1689 9
787 2
346 8
442 9
531 10
885 8
1511 1
838 6
656 7
1335 9
371 8
481 4
1118 10
1400 7
1623 4
1738 9
1774 7
547 2
645 6
1774 5
770 3
39 6
1421 8
281 7
779 6
1183 2
365 2
968 3
1417 4
110 5
685 2
699 10
1755 4
1100 9
695 10
913 1
376 1
756 6
1487 2
1640 2
168 5
358 6
1510 10
1205 10
1883 3
135 1
1315 5
1677 10
1683 8
1785 6
765 2
1952 8
1586 1
872 6
1082 1
96 7
1431 7
1281 6
1328 5
442 4
613 6
728 5
1758 5
769 3
1838 8
615 2
1432 6
1684 6
1438 1
525 2
1990 2
175 10
659 7
1581 5
59 1
1685 5
712 6
1422 3
560 10
579 3
1095 6
1319 9
710 8
23 8
748 7
955 6
615 7
1499 1
898 10
1996 4
898 3
49 4
233 6
794 6
1936 2
822 3
115 6
176 2
1019 4
662 7
1314 6
563 2
693 7
1124 3
1401 2
1478 3
1707 2
1802 8
1388 1
831 6
616 3
807 2
956 8
181 3
1063 2
1845 9
558 2
466 2
474 8
485 4
1794 5
147 2
169 5
92 7
1514 4
390 2
0 4
1957 4
1030 1
1194 10
873 2
520 4
1187 8
926 4
1455 7
1606 9
1096 7
1556 4
87 2
321 1
790 3
51 6
1287 7
1868 4
1310 7
1346 10
572 9
694 6
1493 2
1691 8
927 2
684 5
640 6
768 2
896 9
1564 1
1741 4
1824 5
1064 3
537 10
122 3
594 8
629 6
1033 5
1884 4
2017 9
309 1
1155 3
843 6
999 1
1819 3
1870 3
114 5
1275 1
54 1
109 6
687 4
940 2
950 9
1511 7
1828 8
1973 6
1855 6
884 6
1224 3
1225 8
1282 2
7 3
722 5
1826 2
1691 10
1158 10
7 4
566 5
834 7
2021 6
319 9
897 4
904 6
1825 8
1396 7
1589 6
1663 4
1424 7
1660 7
649 3
55 8
932 9
431 3
632 10
1426 6
1464 7
1831 8
1469 3
1112 8
1005 9
1311 7
111 9
1555 4
8 10
1298 2
1338 7
1360 4
1119 3
456 1
1186 7
1343 5
1913 9
771 5
46 1
454 9
911 7
1625 10
190 1
243 7
924 4
1229 2
1541 4
1242 1
810 8
891 2
911 2
80 7
1358 9
390 2
1109 8
1337 5
1417 2
1150 6
1997 3
1177 4
1847 7
362 3
816 6
2033 3
1002 7
768 7
1517 5
559 6
162 10
1863 4
1621 5
108 5
2030 9
400 9
752 3
1629 6
1582 7
1713 4
763 8
1540 4
865 7
522 5
1102 4
1424 7
1980 6
1370 2
1782 7
1547 9
1760 6
1070 10
885 8
816 4
1510 8
675 6
134 6
74 7
1091 2
1833 9
1321 5
1597 3
1702 6
1244 5
662 8
498 9
722 8
775 8
1237 10
1323 4
1359 6
1829 8
1994 6
791 10
6 7
925 5
1807 4
1373 5
420 3
11 10
1492 10
524 9
473 4
1050 2
397 2
628 10
1469 7
1709 2
856 10
737 10
399 2
500 6
31 8
984 3
1755 5
1284 4
1661 9
497 2
1321 2
483 5
621 7
15 2
1113 5
939 10
1907 4
96 2
310 10
472 3
493 3
1307 4
1617 9
1684 4
1703 9
71 6
1964 4
900 1
1600 3
1013 8
1333 7
1661 5
1534 3
326 5
1452 3
1445 4
2028 4
1798 7
441 7
493 9
844 9
1513 3
1825 6
304 6
304 6
787 4
1111 1
1202 10
1934 6
230 8
1427 7
1211 1
1753 2
1217 9
443 8
586 4
675 8
1538 5
1607 2
136 10
1583 7
1803 9
183 7
803 9
865 7
221 3
567 6
1592 6
406 2
1845 10
487 10
674 4
1046 6
2023 5
269 1
1839 5
1018 5
1710 1
1606 7
975 5
1430 4
1564 5
1654 1
1338 8
300 10
511 10
1142 10
331 4
1068 6
1989 6
760 10
785 1
1593 1
1898 10
2028 7
1758 1
1787 7
448 3
1394 7
1730 8
701 3
1271 10
322 9
353 4
1475 6
1587 10
1989 4
1432 9
897 8
1638 8
690 8
1321 4
1750 2
1136 3
1595 3
1254 3
1457 9
1743 3
1847 8
1906 9
1922 6
1805 4
637 3
452 7
1052 6
1327 6
1406 8
1761 5
1932 5
655 4
1328 3
273 9
190 8
627 3
748 9
1884 8
1134 4
154 4
111 6
958 2
1728 9
170 8
1272 2
58 2
1989 9
265 1
1131 1
1524 3
1762 6
1220 10
313 9
1056 4
1256 4
1318 3
1532 2
989 7
1825 6
360 3
1003 9
1132 1
1360 2
1516 7
1857 4
1542 1
1027 10
1530 6
728 7
1412 7
1663 5
1944 7
1609 4
34 4
751 4
1776 8
302 5
1559 9
461 9
627 8
1578 6
1217 3
554 7
931 4
1500 8
1984 8
800 2
611 8
157 5
1678 10
1415 3
1513 5
137 6
615 8
466 9
1138 2
2010 5
1049 6
1668 10
136 10
1244 8
1503 5
1609 5
311 4
1841 3
1620 10
211 9
369 8
597 4
773 7
678 4
1644 2
1356 4
662 10
462 4
713 7
946 4
1632 3
108 4
1391 2
658 10
1842 10
1163 9
1390 7
1437 8
1973 9
207 6
221 10
1665 8
1077 3
142 1
621 1
1563 7
1713 1
1790 10
899 6
1089 1
1630 9
1885 6
1661 3
2026 10
1365 10
189 4
1420 1
1491 9
464 1
808 10
837 3
1018 5
1075 4
652 8
1864 1
1060 6
565 2
1638 2
1766 6
1816 6
72 7
1486 2
842 1
1866 2
1970 7
65 1
1033 5
666 3
1433 1
17 5
228 4
470 3
763 7
1314 3
1993 7
849 7
813 4
620 2
820 1
906 9
1603 7
210 2
27 5
1044 4
780 10
1012 10
182 3
1609 2
672 1
906 5
791 6
584 4
984 6
1946 6
1203 5
81 8
1617 7
410 10
569 8
737 5
1231 3
1697 2
1828 8
1954 3
240 8
923 4
1736 5
766 9
801 8
908 6
1071 3
1372 4
1511 10
1810 7
1205 4
916 9
1988 6
1636 2
1504 1
2012 3
1090 5
1900 4
1267 9
478 6
1395 9
614 1
821 6
1622 10
1775 10
1748 2
392 4
852 9
1482 9
1643 7
1872 8
1951 4
1294 9
989 7
780 4
915 2
976 1
987 2
1554 10
1865 1
817 8
1228 1
1181 4
1950 6
24 10
117 4
634 7
875 9
1458 8
313 4
844 7
1017 6
1574 5
456 7
480 5
531 10
640 4
1227 9
1598 9
1840 3
1332 4
438 9
592 9
1186 5
1496 9
174 7
1382 6
1756 1
1158 6
32 9
652 9
890 2
1205 6
1567 2
1906 3
247 6
1549 7
197 1
617 9
804 10
1961 1
1559 6
1056 10
1220 8
875 9
785 5
1081 8
1221 8
323 3
848 2
997 4
1796 5
1925 6
2019 9
1236 5
129 3
942 7
1634 10
284 3
1568 10
1776 6
1610 1
1695 7
1718 2
401 6
1370 4
910 2
1045 5
104 10
435 10
1407 2
1458 3
51 3
244 2
0 10
971 6
503 5
1484 9
1518 5
18 1
232 1
95 6
1582 5
997 9
1779 7
443 3
451 10
1023 5
529 1
1306 9
1591 3
221 2
913 8
1270 1
1282 9
331 8
1700 2
491 6
603 4
1541 1
1849 10
701 9
1081 4
1221 5
238 8
1649 1
1776 10
241 8
736 7
1125 7
1927 6
1613 8
1041 8
841 2
1099 7
1618 4
1449 6
1909 9
1113 8
196 10
95 6
28 4
457 4
128 6
1166 8
778 4
1168 9
1889 1
1258 4
545 7
1424 7
246 1
914 10
1841 7
952 10
755 2
1198 8
1677 9
1985 10
445 3
540 1
1621 1
546 3
583 2
1519 10
132 7
931 4
2030 2
645 6
871 6
453 4
728 9
1125 1
1288 2
1818 3
1539 3
1449 1
1682 4
1900 10
1026 10
1413 10
1642 9
389 5
1055 6
1920 4
70 7
1141 5
1235 4
843 7
1476 2
422 1
68 2
118 4
237 4
1637 1
181 1
594 5
1402 9
1433 1
1691 1
1385 5
1322 7
1358 2
144 3
508 10
1150 4
511 6
472 3
496 1
1066 10
1128 1
1301 4
57 2
1250 4
976 6
1644 7
596 10
852 4
117 10
1649 3
1315 5
1543 4
982 6
1737 9
1717 6
83 6
772 6
818 3
2001 5
1271 7
613 2
563 8
929 2
1016 2
1296 4
1777 8
1343 3
1659 6
380 5
1682 5
875 4
282 2
2034 2
262 2
1213 2
1223 8
1394 7
1601 8
2 7
150 7
85 7
915 7
1750 9
583 8
664 8
785 8
849 6
1382 1
10 1
1735 9
350 4
952 5
1160 2
1889 6
71 1
93 4
176 1
194 6
138 6
1101 10
499 8
819 9
143 9
1776 8
786 4
512 5
118 8
802 1
1344 10
1018 9
602 7
960 5
1339 2
1479 7
1542 9
22 3
1106 7
891 2
929 8
963 6
1548 7
1655 2
79 9
295 2
752 9
844 5
959 3
1863 6
1944 6
2025 1
845 8
64 2
2039 5
956 3
1397 6
1 5
65 2
167 7
297 2
623 10
1706 3
1069 1
286 9
1961 6
953 6
646 5
846 6
1195 4
1802 7
95 8
363 6
536 7
1214 6
1216 4
1168 10
806 6
1325 5
1687 2
2018 8
845 9
1813 1
1826 3
624 4
2014 9
1597 2
973 2
1561 5
885 7
1594 1
1736 5
1356 1
946 8
1631 4
1143 7
725 10
847 2
1185 1
1574 9
1513 3
1562 4
1285 5
1267 7
1738 1
308 2
82 9
1491 5
2009 4
109 7
473 7
616 9
618 2
61 2
1402 2
1601 2
1988 9
1272 8
440 9
1312 5
1082 10
563 1
666 6
1233 5
1481 2
1872 9
1329 4
1227 2
952 2
598 3
345 10
1926 7
870 6
729 8
823 3
1280 2
223 6
1450 6
591 5
1574 5
922 9
1836 9
1382 7
2039 4
541 5
1180 8
1090 10
1224 4
1246 10
1679 7
1410 1
1881 4
1644 3
508 10
793 8
1168 9
1463 3
1620 10
1889 5
664 2
985 3
1791 1
1249 1
1508 5
604 3
1322 1
1923 2
1990 9
1691 4
1036 9
187 7
1814 4
1864 9
107 3
101 7
1629 4
1151 8
1851 8
1558 8
70 9
1658 6
672 10
1858 5
294 3
1071 2
1314 6
761 9
1008 1
139 1
1815 8
1292 9
1809 10
201 2
1788 2
381 1
1618 3
650 1
1543 5
1883 7
780 8
1779 7
90 10
1680 7
1144 10
83 7
65 6
28 1
657 1
1204 10
1381 3
1451 9
1125 5
436 9
1610 7
1803 5
1748 4
1287 7
1154 10
1525 2
1665 2
1404 4
485 2
1705 8
1881 6
1645 10
36 4
101 2
1818 1
575 4
856 3
894 5
155 6
1254 6
819 7
730 7
967 7
1191 7
276 3
1876 1
163 5
1426 7
1056 3
1440 8
1542 2
1815 6
99 9
1335 4
226 5
1612 7
1788 10
1015 3
54 8
1619 1
544 6
1513 7
1677 9
1418 8
1565 10
99 6
1968 7
364 10
791 3
758 10
762 8
1344 1
425 9
504 7
854 1
182 8
461 10
1016 8
1702 8
213 7
1301 7
880 4
1451 1
355 9
572 6
1865 6
4 8
586 5
1110 5
480 5
1153 3
2004 8
127 9
408 9
1690 9
824 10
568 2
175 10
739 7
1220 5
303 7
1941 5
546 2
53 4
240 9
250 4
957 2
1027 1
1541 2
2007 7
367 3
305 8
953 5
839 1
1530 5
1641 6
1943 2
50 4
1542 8
449 1
689 2
1650 2
1715 7
1842 3
2026 3
43 8
192 2
377 3
619 10
1980 1
1190 7
1678 6
1015 7
753 4
1503 3
1591 10
1812 6
1972 8
45 10
104 1
1986 2
230 3
589 6
842 4
987 4
975 9
312 3
697 2
918 7
1178 5
1805 3
14 7
444 1
881 3
712 9
1889 5
576 5
907 7
921 2
959 2
1181 9
993 5
1155 10
367 10
944 5
15 2
1156 1
1613 9
317 7
1183 4
1339 3
830 10
1265 9
378 4
867 9
1144 10
971 10
1768 9
1261 8
1987 6
280 9
234 1
898 1
942 5
1058 10
1072 2
1134 4
1326 6
112 7
866 6
1225 2
1545 1
99 4
585 4
687 1
1453 6
1917 1
1952 8
1982 4
354 7
279 1
1468 9
1870 4
624 8
828 3
374 4
963 5
89 6
1233 2
1278 1
1772 2
1088 2
852 2
1560 4
762 10
770 3
1361 6
1782 10
1711 5
738 7
662 6
779 1
1505 4
1626 2
2021 4
102 7
230 10
771 5
807 5
1390 4
1806 1
28 2
326 9
437 10
1311 10
958 4
1141 5
1353 8
1609 10
1463 10
332 4
629 10
1565 7
681 10
1081 1
489 9
1017 10
1520 8
337 1
1402 3
760 9
1514 5
1689 8
111 2
909 2
1623 8
329 9
261 2
573 5
1536 8
1392 7
1980 10
1157 1
665 3
746 8
1452 6
718 7
1012 7
1462 3
835 7
875 9
145 2
1428 10
641 8
988 1
1745 6
341 3
582 1
1455 9
1985 2
1796 6
1320 2
211 1
384 3
583 4
1224 6
300 3
1420 6
927 3
295 4
130 9
406 7
643 7
756 2
2011 5
261 8
1619 6
1901 2
1599 2
1616 2
2026 8
564 2
1037 1
74 10
203 1
2036 2
1526 3
987 2
1187 5
1237 8
1955 5
94 9
225 2
77 10
504 4
1105 10
349 6
1186 2
2004 5
1258 5
1912 7
655 3
1594 8
1779 10
439 5
354 5
104 8
1484 9
1967 3
241 4
1679 7
1413 7
496 9
949 9
957 7
1838 7
515 4
506 8
650 5
1308 1
164 9
196 1
996 2
299 5
1403 6
503 5
1530 8
841 8
1972 9
1842 5
822 4
427 2
135 2
2023 6
261 4
1587 4
1534 8
1325 1
100 1
1945 10
308 10
1349 3
1381 6
1010 5
815 1
1514 2
734 9
54 6
1213 8
1472 7
1989 6
176 3
183 3
1840 6
463 9
687 4
816 4
1239 3
229 5
1934 6
558 7
224 1
369 6
1734 1
976 2
559 1
912 9
663 7
1513 7
498 9
756 6
975 5
300 3
884 3
303 9
517 9
770 6
815 2
1210 1
135 8
216 1
1199 5
1118 9
664 8
962 4
1798 2
1707 4
1491 2
573 4
992 3
1346 3
1803 3
48 2
158 8
1492 10
384 1
1401 9
481 9
961 8
1752 2
299 2
524 9
46 4
1913 8
1773 2
533 10
492 9
1843 3
292 9
1952 8
769 5
1380 4
1550 10
393 8
1342 3
86 3
106 9
297 6
906 4
763 8
215 7
1936 6
787 4
1072 4
2012 9
1574 8
1142 2
743 6
523 6
1049 2
2009 5
1798 7
1075 7
929 10
1024 5
365 5
1969 10
726 7
483 5
509 7
642 5
912 1
1188 6
436 7
477 4
1111 5
1328 10
1810 3
1819 4
1952 8
1528 9
1627 9
954 7
670 6
1249 6
1507 4
213 7
482 8
80 3
1478 8
1440 4
848 10
1680 9
106 8
1345 1
133 10
738 6
1498 4
1857 6
384 10
414 10
1516 6
795 5
1775 6
1863 8
2027 10
503 7
1285 5
1052 9
1695 2
588 1
623 10
1051 9
2013 3
733 9
1990 7
384 6
1149 9
134 10
310 10
834 2
102 5
394 5
86 8
675 7
850 4
1093 2
1068 5
1177 7
1828 2
1921 7
1953 2
1982 10
86 3
1080 3
1814 2
1642 7
778 10
1430 7
2 2
902 3
1257 5
1303 2
1855 3
1902 8
482 4
143 4
1681 4
1094 8
1683 5
1708 5
1753 5
1481 6
183 3
1343 2
632 3
493 9
862 5
567 1
642 10
1186 5
687 10
827 5
1035 2
1003 3
771 9
1980 1
1219 3
14 10
601 9
229 9
264 4
906 4
1903 2
541 4
624 8
936 5
1287 9
1301 8
1933 7
1980 2
686 6
695 4
812 8
968 7
958 2
1895 7
1179 4
288 5
524 6
806 4
501 6
2014 8
871 10
1647 6
2037 3
295 9
497 9
522 6
1111 2
936 6
1942 9
625 6
1257 3
62 3
252 2
1775 1
1209 6
745 8
22 10
1822 1
1659 10
731 9
993 1
1732 4
869 10
1333 4
1341 5
1780 1
105 8
89 1
535 10
587 3
636 5
1934 6
1979 1
234 7
367 1
1654 3
2047 3
529 2
529 2
716 10
107 7
152 5
165 6
766 9
1940 10
1755 3
183 5
354 10
1319 7
240 10
1113 3
1389 7
1457 8
1403 2
1415 1
2019 10
1698 8
497 10
729 1
157 1
1410 10
932 9
981 3
66 9
1920 1
753 3
894 3
528 10
120 8
175 5
661 7
763 5
784 8
1385 7
1540 7
401 7
1808 10
701 5
44 10
806 4
566 7
1221 5
1292 3
1660 2
268 10
2001 10
1030 1
1599 10
1660 6
1860 9
1690 5
950 3
1123 4
166 7
1621 5
1448 4
1478 8
1162 4
183 4
377 1
1285 10
932 7
173 10
413 5
520 4
1452 1
1714 8
1 5
1121 4
1364 4
73 7
823 7
599 2
724 1
1306 1
1506 6
831 1
433 6
233 5
1226 3
1524 1
1567 1
1754 7
1114 5
780 4
375 7
688 10
1797 5
1948 10
1976 3
180 2
441 2
1543 6
377 3
81 5
914 10
1254 10
591 9
1917 3
242 2
1068 8
132 10
1401 8
1549 1
1866 4
1103 10
1086 3
121 10
1828 4
814 3
866 9
821 8
1512 2
760 6
1636 10
682 9
743 6
1845 5
235 1
1692 5
1580 4
1029 4
770 1
1646 3
890 6
1481 8
961 10
1062 2
1707 5
1081 3
972 3
712 6
1423 9
1633 6
2041 6
327 7
2017 5
1285 7
1161 1
1608 2
2022 9
1145 8
588 6
1547 9
1767 7
1414 10
854 4
1334 10
1266 1
1350 3
1956 6
945 6
27 9
699 5
757 2
897 5
72 2
261 2
490 7
1275 4
1545 6
1698 6
657 9
194 7
285 6
491 1
1525 1
753 5
98 6
1962 4
60 7
117 10
254 10
1480 9
1165 5
1608 8
109 9
26 8
1437 5
741 7
1429 6
1724 1
651 3
1584 4
1779 2
1875 1
408 1
259 2
388 8
165 3
1495 10
2041 2
1737 1
475 2
1239 6
1655 10
1774 6
338 2
1551 7
1334 6
1389 7
273 5
536 7
22 2
1190 5
1590 6
1596 4
1921 6
159 1
307 6
517 1
1301 3
1419 5
900 3
157 8
440 2
1395 2
1959 8
810 10
1761 7
1911 3
345 8
1737 5
1335 4
1442 5
649 4
903 7
619 9
669 10
100 1
1211 1
211 2
0 5
755 1
157 1
1166 4
438 6
613 6
266 9
838 3
1415 10
1557 3
1905 3
466 5
978 4
495 4
647 5
1684 6
50 7
763 5
1896 2
587 7
680 4
429 4
972 1
1684 6
1545 7
576 4
811 6
1301 1
1118 7
587 4
449 5
575 4
795 6
118 9
25 10
1029 9
82 1
1041 1
1036 8
1115 8
835 3
654 4
254 3
1519 5
139 7
176 10
1057 4
86 7
827 8
159 7
1700 7
1749 10
1483 6
1652 1
1708 3
470 1
665 4
42 3
472 4
1528 4
884 8
391 8
377 2
1357 4
103 9
344 4
1025 6
1196 1
898 3
969 2
455 4
1277 3
1952 10
1419 3
1500 8
1845 1
1955 6
439 5
1144 3
821 2
305 4
759 10
1022 8
528 3
576 4
574 7
656 8
1108 5
1187 10
73 5
592 3
1277 7
555 6
509 1
889 4
890 9
1544 10
1819 2
1865 9
1870 10
50 2
447 6
1487 4
1474 2
590 7
1319 2
1962 3
84 7
589 7
1173 4
1204 5
1630 2
1827 9
411 5
547 9
913 3
1825 4
644 7
904 3
1106 9
588 3
1264 8
1469 9
355 9
987 10
1041 5
1015 2
1646 5
817 9
1001 6
1635 1
206 6
382 5
1963 3
268 8
892 5
1540 8
1418 2
1203 2
1612 10
725 2
735 9
1767 4
1999 1
994 3
1896 4
2047 8
385 10
746 1
850 9
924 6
1110 1
750 7
331 4
410 3
1811 10
1999 10
1184 10
610 8
1783 2
1812 4
542 2
682 1
868 10
1351 5
1900 7
91 9
232 7
1701 1
1184 1
1572 8
519 9
1272 6
1374 1
191 1
1914 6
395 7
1694 2
1530 4
1941 9
1087 6
910 8
1273 5
1594 3
1988 8
5 7
370 4
1888 2
1541 7
1263 5
216 7
416 3
2024 2
2026 2
232 7
1379 3
4 8
960 10
613 2
1087 7
1345 8
1621 9
1667 9
1961 3
120 8
687 4
1719 9
1284 6
1272 4
686 9
888 7
1239 10
1981 10
122 5
210 9
1173 3
1369 10
762 2
1688 7
1048 2
36 2
1078 8
1528 10
972 5
598 8
847 1
1882 4
1174 10
328 8
1763 9
1659 2
1689 4
962 4
1029 7
1656 7
1902 3
1979 9
187 6
1469 5
1418 7
1050 2
1707 1
388 2
572 6
1052 2
250 6
605 2
1121 4
1242 9
1637 9
1657 3
1313 5
349 1
1759 6
256 7
329 8
224 10
1244 4
712 3
251 2
1205 5
1247 9
1654 2
1871 2
260 3
1907 6
38 5
406 9
1100 9
1415 2
2012 9
358 9
915 6
627 3
1189 3
406 2
1531 3
445 10
570 9
1670 4
222 10
77 9
342 2
1427 4
334 1
735 6
201 7
1277 3
299 7
1823 10
1341 9
688 8
1140 5
120 3
399 10
509 10
719 3
637 1
1236 4
1248 6
1708 2
1723 9
456 8
520 8
402 4
1115 5
911 10
1465 8
890 2
1143 9
1656 7
216 7
524 6
1598 1
1826 10
1373 8
1716 1
1048 10
1448 5
8 9
165 2
319 3
618 3
869 1
326 8
677 6
999 9
1595 6
1693 7
295 10
1040 9
1811 10
462 10
1487 1
94 4
1388 7
268 6
1878 8
146 1
1651 5
726 4
1129 4
1485 1
947 2
809 5
810 10
903 3
1416 1
18 4
517 3
52 9
1666 3
276 10
781 6
2001 5
2009 5
36 10
1625 1
64 4
738 9
1200 6
1808 7
353 7
1384 8
1100 5
954 8
1196 6
1281 9
1204 8
982 10
4 6
1742 7
5 5
895 9
528 5
1399 4
317 3
1156 9
1542 8
623 1
767 7
1485 5
69 10
888 1
1873 2
1919 10
1604 9
1364 7
664 5
1055 9
1390 4
1565 10
195 3
1596 2
354 4
267 6
1907 7
469 8
998 9
1819 6
1214 2
1947 6
231 1
517 10
1397 10
503 5
165 3
473 7
211 10
885 7
1523 10
691 8
2028 5
591 7
686 4
1495 5
378 6
242 6
2026 4
1356 6
1456 10
9 1
1428 10
400 5
1769 7
687 5
825 3
1135 7
1380 10
112 1
1379 2
841 3
2004 10
573 5
1133 6
188 2
650 7
981 8
1379 3
569 4
813 2
275 3
949 5
1692 10
422 1
482 5
648 7
1222 1
1779 2
1334 1
919 3
1673 3
562 3
213 1
755 9
1728 9
1685 9
1785 7
338 8
357 9
1746 5
860 2
1451 6
1645 5
211 10
1952 5
1641 9
1993 6
579 4
1526 2
1216 10
1774 9
18 10
764 7
939 7
1348 5
1426 5
479 3
1298 4
767 1
1694 9
318 4
241 7
587 8
1738 6
1369 4
1651 3
1740 9
1123 7
1293 7
1460 6
1672 3
1873 9
916 9
2004 10
558 9
424 1
1140 10
1978 7
333 10
1591 2
1790 10
734 9
253 7
1057 10
1664 5
954 4
1179 2
1634 9
1723 9
1963 1
1392 5
1554 8
1848 8
1112 9
1306 8
1697 5
1725 9
535 7
1260 7
1268 4
1576 8
144 4
259 7
292 8
332 10
1377 3
1574 10
459 6
689 1
1503 10
1676 7
1686 3
193 7
1597 4
491 7
415 2
494 8
2014 7
639 5
391 8
769 2
1473 3
192 6
582 4
467 3
1807 9
1218 4
1045 6
706 3
1422 5
340 3
1214 3
408 6
914 6
1146 1
1815 3
1783 6
951 9
972 1
1806 8
1934 1
3 8
1725 9
225 7
570 10
912 9
1258 5
1408 2
819 5
505 6
779 9
994 4
1781 2
2011 7
2039 8
102 10
1851 5
2041 10
1154 4
1336 7
1730 9
344 1
1457 2
1643 6
927 1
419 10
1675 6
1878 10
902 5
1778 10
892 7
112 3
1129 1
1544 8
308 4
1150 1
512 7
305 8
290 6
1286 10
1876 5
9 9
1465 5
1231 4
928 3
1785 3
791 5
1255 8
1577 8
627 6
1311 4
1773 5
1514 5
1208 8
1806 3
77 2
332 4
1286 4
688 9
1461 1
1535 6
1828 2
204 2
216 4
1515 2
44 2
1807 5
574 4
745 1
999 4
1117 1
48 6
463 10
928 3
1328 3
1811 10
144 3
1054 4
1445 7
1584 3
1947 4
89 7
167 5
24 5
149 9
550 9
599 1
857 6
1499 3
1283 5
1239 6
61 4
267 5
63 10
19 6
1820 5
1045 5
1369 10
1517 7
1925 7
245 2
141 2
181 1
1050 1
644 4
607 9
521 6
772 2
1250 3
1518 6
1705 8
270 4
489 4
518 10
606 4
455 1
1136 6
646 5
1920 9
622 8
678 9
545 10
876 5
1393 4
1563 7
1807 4
1826 9
662 1
444 2
1116 7
881 7
1674 4
156 10
315 8
1511 6
237 10
1435 9
1719 4
643 8
1794 3
1657 1
901 2
1418 10
113 7
964 8
1731 2
1788 3
950 5
719 1
998 10
1257 10
259 7
208 7
870 7
850 7
266 6
1237 2
1991 6
246 10
521 4
1324 4
1893 8
848 6
932 10
997 2
868 1
940 1
1265 8
150 4
1794 6
1044 4
448 2
1440 6
1986 9
850 9
1634 1
1502 9
1552 6
1996 9
557 5
245 10
219 4
1294 7
1399 3
1785 9
1869 6
1114 5
1663 4
1978 3
2003 5
313 3
370 9
536 5
110 7
1571 5
1050 4
157 5
1222 4
1349 10
1855 10
121 4
1496 9
1532 2
861 7
1170 3
1049 1
1698 8
711 10
1194 9
1479 3
798 10
1319 9
1839 8
1361 5
996 1
1016 9
1684 5
938 3
1364 2
1640 9
665 3
935 4
1098 8
1544 5
970 6
1073 6
953 7
1326 9
13 3
1583 6
1253 3
1845 7
1276 2
1152 9
1617 1
234 1
1524 2
1646 6
1911 2
86 10
255 8
177 8
1805 8
784 5
973 8
788 6
996 9
1051 7
1791 2
1928 9
703 10
182 2
1179 8
1568 9
254 6
449 9
615 3
34 2
1099 1
1550 10
553 6
950 3
17 2
108 4
332 7
1502 7
906 10
1127 7
1290 3
1396 10
75 4
1966 1
868 4
884 1
923 10
961 9
1803 4
147 7
1419 7
1284 10
833 7
926 3
1225 4
529 10
1289 5
1391 6
840 1
1083 5
730 8
1426 4
744 2
468 7
727 9
1126 5
988 5
1470 7
623 3
1983 9
993 6
692 1
1123 8
1558 4
1332 6
6 9
921 5
1407 4
61 7
1719 1
1446 5
877 3
272 5
1320 10
726 8
292 8
1346 3
771 10
1646 6
1798 4
1971 1
52 5
38 10
542 1
2019 8
1517 3
811 5
1073 10
1156 6
1168 2
1260 5
1653 3
595 2
404 10
1635 5
1419 1
503 7
722 8
630 4
65 6
1692 1
718 9
1470 7
1444 2
250 5
324 7
378 9
1816 4
1880 5
533 1
410 8
957 8
951 10
1321 4
1564 6
19 6
98 10
202 2
717 8
430 7
183 10
1501 3
910 8
1434 9
95 5
526 9
1718 1
1193 9
1167 4
1903 1
1114 3
1225 9
827 9
1573 2
154 5
510 9
1122 3
226 2
1000 9
865 2
1205 1
1450 4
488 9
658 9
996 8
1856 4
748 1
1249 2
1262 8
1583 1
621 6
595 9
1631 2
1565 8
1601 9
0 5
179 6
371 7
1536 8
1795 5
296 10
345 5
1908 8
1710 8
1394 4
867 3
1103 3
1182 5
1228 5
459 7
112 4
507 6
633 9
930 10
1604 9
1605 8
798 8
973 7
440 7
946 10
854 3
22 4
1438 7
774 6
1503 10
561 7
1828 4
71 3
1924 10
1966 4
1580 3
1888 5
1838 5
935 1
501 6
1549 6
550 6
1953 6
1999 9
1442 4
1293 2
717 2
680 1
924 6
525 8
166 6
774 1
1312 2
1346 5
1359 1
1582 1
1758 3
2043 8
596 1
467 8
811 9
1237 2
1329 9
1881 2
1833 9
1021 9
1329 1
1384 8
102 8
255 7
319 9
1726 7
228 4
734 1
212 9
853 6
1585 10
1680 5
849 4
1053 10
1723 5
1596 1
597 7
1544 4
1031 1
124 7
325 4
1790 7
170 4
980 5
1725 2
1162 6
112 3
397 9
1851 8
176 4
286 3
1904 7
1918 7
534 3
559 5
1138 5
446 4
2008 4
1494 6
1529 1
1533 6
1576 2
1636 9
862 9
1425 4
1889 2
376 2
651 9
1397 3
1266 7
571 1
21 3
473 2
246 6
492 6
1297 10
1442 9
557 2
1134 5
947 3
1353 2
208 7
435 10
1498 5
1265 9
1804 4
1139 7
1387 10
2017 10
177 5
1493 2
1520 1
586 10
760 3
778 10
1827 2
464 9
550 6
759 3
1296 6
311 10
793 2
841 2
1007 1
890 3
124 2
420 9
186 6
608 2
969 3
435 8
458 10
794 2
1682 1
287 8
500 8
574 5
808 10
1994 10
341 7
535 5
1674 1
108 9
654 7
1772 5
1587 1
1447 5
1817 8
249 2
1124 1
1891 2
107 9
867 9
1685 1
530 9
1168 5
346 9
58 10
1537 2
912 9
1571 3
1729 4
655 1
637 7
1815 1
1838 6
1952 4
1983 8
284 7
1653 5
267 2
985 7
1352 8
1961 5
133 10
251 3
498 5
1369 6
1374 7
664 2
1065 3
1463 4
243 3
493 6
458 3
551 1
908 7
1744 1
280 5
460 5
1996 4
518 9
107 9
722 10
866 4
937 10
163 4
387 6
36 2
1576 1
686 2
1376 6
1967 1
2002 10
2005 7
115 1
331 7
2023 1
740 6
745 1
1523 10
1853 6
1503 9
1269 10
292 8
1325 6
1064 2
1484 4
1725 9
1031 6
78 2
1492 10
1604 2
870 1
793 8
990 1
1069 7
1676 3
375 4
514 10
1807 1
54 10
759 10
1038 8
210 8
244 6
670 9
1757 8
459 1
1885 2
959 8
1300 7
343 10
423 8
545 4
1286 1
1572 5
1240 3
351 4
1643 7
632 6
921 6
1748 4
180 1
933 7
1374 3
1651 5
1785 6
1030 5
1539 10
817 1
1997 3
219 2
1001 1
1366 9
1602 5
710 5
23 3
1503 8
535 8
1099 5
1335 7
227 1
391 8
359 5
970 2
311 1
1013 4
394 4
1381 1
1854 3
878 2
1276 4
2012 3
240 2
500 4
1344 6
304 4
1083 9
1285 5
1481 9
1174 3
710 6
1729 7
1703 7
1846 3
1981 5
885 3
1339 4
93 10
265 3
1751 10
816 4
1423 2
293 10
344 6
435 3
676 5
1734 10
1622 4
1699 7
1971 1
1274 5
1669 8
1959 3
1427 2
938 8
1394 7
777 8
414 8
760 2
1020 5
1229 6
1 8
258 6
1666 10
762 2
1295 6
1601 3
932 2
576 6
867 8
508 5
1523 1
1379 1
853 4
1153 9
1537 5
210 10
1476 1
1271 2
704 10
739 8
93 10
798 6
798 6
1688 8
53 9
1524 5
1853 10
944 1
1003 8
328 2
1490 5
1838 4
1127 6
1274 9
1338 7
1690 5
1015 7
346 8
1295 6
1501 3
1677 8
395 1
1153 9
1995 5
1833 5
1057 10
1268 5
1582 10
306 9
1037 7
1999 10
119 7
7 10
358 10
977 9
1308 3
203 5
1672 8
1192 4
1363 3
1709 2
2006 7
536 4
1149 5
1278 9
522 4
401 6
960 7
34 5
260 2
460 5
1000 7
945 8
1566 6
1740 9
1778 10
763 10
337 10
1187 7
2027 2
829 3
1262 9
88 7
631 5
824 4
1914 8
210 5
631 10
855 4
281 8
568 10
158 2
1502 9
1539 1
1725 9
1868 7
144 8
724 5
746 9
184 7
575 6
1711 1
859 1
521 8
1529 4
1021 6
1076 1
1853 5
342 4
649 2
1337 8
109 7
1009 7
1064 10
1782 5
1877 1
549 3
1239 3
102 6
916 4
1712 9
493 2
487 1
1600 9
107 10
1409 1
284 6
290 4
1259 7
489 4
790 4
2025 2
951 6
1531 4
211 6
352 8
1097 9
593 9
236 3
782 1
1007 2
1381 9
1428 10
1482 4
1287 9
387 3
144 1
430 7
393 9
669 5
1887 3
1602 3
1603 1
342 1
1494 7
550 8
586 2
54 5
349 6
144 1
1028 6
880 9
981 2
995 10
1133 1
258 3
484 4
1407 6
913 10
1755 10
1768 5
2020 9
32 9
542 7
1863 2
1568 3
410 3
1007 5
1384 1
1600 7
1995 3
440 10
809 4
88 8
1530 1
1075 1
1083 2
1221 3
1375 8
1994 6
2015 2
646 3
1357 3
1862 2
1959 2
120 6
1901 1
1725 4
44 9
842 2
1424 2
1489 8
182 3
518 5
732 9
580 8
80 1
912 4
1098 4
1219 7
1811 1
1941 4
456 3
173 6
886 8
860 7
928 9
1005 7
2033 5
808 3
1357 10
928 6
1627 1
163 1
1992 3
452 10
887 1
260 6
543 1
879 5
904 10
1726 10
217 3
1353 6
1883 3
89 5
1792 8
67 5
715 7
1822 10
1063 7
1373 5
63 7
273 7
1030 10
1005 6
511 2
1191 9
872 5
998 7
1670 3
579 3
2044 4
1211 4
199 5
468 7
1169 10
1394 4
977 4
230 8
337 3
58 4
1536 1
97 5
241 6
1345 6
572 3
1227 4
1032 7
1314 9
133 6
160 2
1633 5
443 1
840 5
1025 3
1112 6
1858 10
716 1
1463 2
839 5
1214 5
1355 2
372 2
484 8
647 3
760 2
1285 1
1405 5
1230 9
46 7
195 9
339 1
826 2
447 4
1780 9
996 8
213 5
269 6
381 7
1704 4
1470 3
1644 6
397 5
303 9
353 7
1242 4
1809 5
398 8
402 9
59 10
1078 3
1407 6
1854 4
1358 3
400 6
37 6
866 5
1515 2
610 1
858 10
404 2
901 6
1299 2
1534 9
360 2
506 10
913 6
695 6
1011 4
1782 10
168 7
342 7
749 4
1597 10
391 6
1343 9
1685 6
1776 2
56 8
195 8
512 4
694 7
698 9
204 3
596 9
1207 8
957 3
187 10
1993 2
1440 5
1030 10
1302 10
119 7
458 2
385 4
350 9
893 7
1835 5
125 5
796 4
748 6
1702 1
228 7
1139 4
1668 1
90 6
436 1
556 4
1780 6
739 3
810 4
1101 4
1597 7
1229 1
1301 10
1712 8
198 8
296 10
429 3
1508 5
976 6
1134 1
682 6
1856 3
239 5
2005 10
881 1
2022 3
847 10
1215 2
1764 2
1260 4
1425 1
1445 4
44 2
812 1
227 5
1229 6
652 2
828 7
1419 9
1730 7
1031 9
702 7
1624 2
1913 5
1526 7
1611 3
1890 2
2019 3
517 5
754 9
1167 10
28 8
963 3
1043 9
1939 2
211 5
2011 8
1729 10
1981 3
1459 8
1768 1
170 9
1398 3
50 5
1395 5
16 7
288 7
733 2
1265 10
306 7
1292 10
897 4
1172 2
455 6
549 9
771 4
846 5
1375 10
1957 5
453 9
795 8
1031 8
765 9
1331 7
737 3
1496 7
1925 2
21 1
124 9
696 1
1888 6
599 10
714 4
1257 6
1641 9
1742 4
1821 1
1985 6
2034 10
527 10
627 1
1129 6
1190 1
1798 10
1402 3
1778 6
222 1
410 6
777 1
1468 6
693 7
1855 6
378 6
523 10
1297 9
1423 6
1068 3
1371 7
1388 4
1768 5
1818 2
1832 9
1899 4
2023 10
171 9
249 6
1438 10
834 5
2012 2
1624 7
264 2
1119 8
1945 5
1758 1
905 1
1303 6
1307 10
112 1
1479 2
883 10
1190 9
353 9
359 9
468 9
389 4
1683 8
1403 9
2030 2
688 5
1706 3
2001 1
1527 6
1738 7
1783 3
721 3
1918 5
938 10
1487 4
1326 10
1280 4
786 2
1004 1
1676 6
831 5
166 2
1835 7
897 7
1094 5
2020 5
438 4
1846 9
821 9
1011 2
1915 6
449 3
857 1
141 9
216 5
689 7
1150 7
1850 7
1217 7
1388 6
1573 9
1839 7
186 1
874 10
1997 8
1632 7
1088 6
1296 5
1734 10
493 3
583 8
714 1
271 6
1460 8
1424 6
1082 9
1148 3
290 8
643 7
789 3
115 3
403 7
240 8
1593 10
1305 9
1572 1
2 1
828 8
1598 9
1392 3
1927 6
1543 9
1122 5
1141 3
1347 2
201 3
830 1
922 4
230 2
1067 5
972 4
1218 4
1844 8
638 1
1114 7
1261 3
607 7
19 1
588 4
1066 3
113 4
357 2
552 6
761 3
1446 6
624 2
1953 9
588 9
1555 5
396 2
971 5
112 6
1152 2
281 2
1286 1
1461 3
594 5
673 7
998 8
1372 10
46 10
948 6
1405 5
1578 1
1925 10
35 4
852 7
1319 9
1220 4
534 3
1350 2
429 5
1007 6
1029 6
1368 6
1416 5
1585 4
1703 3
1994 2
636 9
917 3
1789 1
1052 7
1949 4
267 9
85 5
1012 7
1042 10
314 8
865 4
273 4
557 5
1483 1
879 7
913 8
1793 4
257 3
454 1
584 3
256 10
1815 10
1928 9
335 6
1189 4
1469 1
301 1
567 3
1414 4
1091 2
203 9
909 5
847 6
2012 2
691 2
968 9
1039 4
1097 4
673 5
93 2
514 3
1159 8
569 7
631 3
82 7
831 10
591 3
273 6
5 4
1314 6
873 1
1469 1
1950 7
344 5
500 4
520 4
713 10
1189 7
1489 6
342 9
960 6
3 5
1160 5
449 7
1825 2
1883 7
770 7
346 6
986 8
1145 5
465 2
1764 7
900 5
1466 7
363 2
730 8
602 8
1827 3
1469 2
1153 7
1256 1
624 10
280 7
173 1
1158 9
281 2
1104 9
2038 3
491 9
669 9
827 4
503 1
766 9
1287 3
1254 10
1356 8
246 1
368 8
591 3
822 10
848 6
207 5
897 8
1694 7
1578 7
376 10
546 10
1543 7
666 6
1654 6
1110 5
2016 9
188 4
391 7
617 6
956 3
351 2
1994 10
1746 3
347 9
657 9
814 4
52 6
62 6
1365 3
895 3
1101 9
1221 9
1898 6
2012 6
1704 9
115 8
448 7
1894 8
1013 4
1258 4
2024 1
1158 5
650 3
1436 10
931 5
1291 7
943 4
1361 3
1772 9
781 6
449 2
1294 9
720 5
1008 9
2036 4
412 9
887 4
1940 9
1390 1
1458 6
1624 3
346 4
714 10
61 1
1125 10
1901 9
92 6
281 4
745 6
596 6
1634 5
1037 1
1788 3
2037 2
77 9
1626 4
293 5
1042 9
228 6
264 4
1367 8
1303 6
715 3
1004 3
267 2
672 1
472 3
1592 7
221 7
676 3
681 3
828 9
1156 4
829 6
1777 2
396 8
388 2
502 10
15 6
1753 7
738 10
1181 9
1650 8
1842 5
2042 8
327 4
378 4
920 5
1502 3
1445 2
1059 3
276 9
540 7
696 10
795 2
1931 1
533 9
781 7
1906 9
1225 4
986 7
1035 5
214 9
1580 7
1775 3
1386 2
1476 4
1850 2
1058 5
742 1
1290 9
706 4
1067 2
1557 7
1948 2
524 6
520 5
950 1
771 10
1332 7
1212 4
1425 10
1587 7
42 6
179 4
705 3
792 8
35 5
877 10
1251 6
300 10
654 7
1169 4
1566 9
1848 2
13 1
270 2
208 9
696 1
1897 9
1527 7
62 7
1351 10
2033 2
361 7
1993 8
454 5
1073 8
1167 1
1504 9
920 4
1756 5
1410 3
82 7
1631 3
1761 6
1814 10
451 5
1872 9
1043 10
1678 4
799 1
1050 2
1443 3
557 6
807 8
2034 5
1786 5
2031 7
212 2
225 7
404 8
739 10
61 4
332 4
212 8
631 2
757 3
1138 9
71 4
1393 3
1873 8
1152 7
1400 4
892 6
1190 1
1191 2
2039 4
649 5
1029 8
481 9
1247 5
692 5
936 1
538 3
712 3
1411 8
270 9
1040 2
667 9
1728 5
729 10
1710 7
816 6
1092 9
376 10
1616 7
392 5
1011 2
409 2
1064 2
1891 7
400 6
443 5
707 7
1206 7
1179 5
1220 5
1607 10
505 7
659 4
1319 6
634 8
1930 6
968 5
2047 2
255 6
1893 9
915 3
398 3
1961 3
260 8
1297 10
729 8
850 3
481 7
442 2
1076 10
1852 10
461 4
522 2
118 4
320 2
397 3
450 2
779 8
1355 3
1030 8
1057 7
605 10
395 5
806 7
906 6
1517 7
1827 5
107 8
496 8
714 9
552 10
1044 7
1193 7
1379 5
1617 8
494 4
611 4
1628 4
1639 8
457 5
862 3
396 6
1527 2
1571 5
1884 10
692 8
1987 6
87 3
118 8
1444 9
1448 3
1735 5
2035 1
74 7
1881 7
1011 2
1143 6
1977 8
2042 10
1173 3
1821 10
1037 9
1699 5
430 7
1658 2
1251 10
2000 6
990 4
1050 1
1508 2
244 3
955 5
901 9
1301 1
1721 3
521 7
1455 10
1694 6
762 3
584 2
1036 7
1318 10
1860 8
236 1
707 6
785 2
1635 5
199 3
1134 9
1231 8
1567 6
365 6
891 5
1340 8
453 10
1494 6
553 3
575 1
610 5
667 1
66 4
887 4
1243 6
1428 1
43 6
403 2
710 8
739 7
1402 1
1861 2
1869 6
207 2
1641 3
1048 10
1376 9
448 9
492 5
1267 4
309 5
1867 3
2003 1
69 1
385 6
491 2
856 6
1370 5
1037 7
1618 4
351 1
1279 8
1495 1
836 4
1240 6
1403 9
804 9
1550 7
573 4
1035 3
1492 3
994 7
1033 8
1562 4
1857 1
1821 10
1493 8
1354 5
1646 4
751 5
1193 5
1828 1
226 3
1213 1
648 8
533 3
1091 4
821 2
1000 6
1869 3
635 10
386 6
1848 6
2021 10
1818 2
1913 2
1875 2
298 3
1951 6
1224 10
344 6
1626 2
415 3
768 7
1945 7
1660 3
1324 6
908 8
933 7
1009 8
1375 9
1557 9
111 9
448 4
476 2
592 10
1614 1
351 2
1377 7
1694 10
718 5
1357 5
469 1
1272 6
1410 4
1486 8
1553 10
230 9
323 7
351 7
208 7
1798 4
1395 3
1414 6
1502 9
1584 2
967 4
777 1
69 2
1926 1
1603 3
1094 3
1339 5
1851 10
1040 3
495 3
1089 1
1726 5
1992 6
450 5
719 6
526 1
1870 5
596 3
978 7
1068 7
670 4
1758 1
1867 9
2011 10
138 5
821 10
1873 3
1673 7
1053 10
483 2
705 1
734 8
710 9
1830 1
842 8
366 9
696 2
360 4
1007 6
1231 5
100 10
641 9
892 8
692 10
834 7
1069 4
1215 5
1427 10
680 4
269 1
627 9
1950 8
2004 1
733 9
807 7
981 6
1032 6
139 7
1635 9
1754 2
783 1
1124 10
1753 4
1854 7
593 6
1519 6
284 7
1745 5
1531 9
158 9
518 3
323 9
1503 4
799 8
1551 2
41 1
878 1
926 3
834 6
1668 6
277 9
1867 5
828 7
1971 5
1464 9
1223 7
1648 8
1688 8
61 7
761 1
997 6
894 6
86 2
817 2
823 5
1023 4
921 9
420 1
1657 10
1302 7
1692 3
986 8
1516 7
184 3
813 7
1423 9
1530 5
487 5
1228 4
1461 7
952 2
965 2
1164 10
848 4
880 2
343 10
468 7
1038 8
896 7
1979 4
28 2
39 6
78 6
301 8
1970 3
785 4
918 4
1288 7
1982 3
145 8
1063 3
1074 3
446 7
593 2
801 7
1832 6
1645 10
432 3
1674 7
437 8
705 9
388 2
1210 4
1926 3
1157 10
1764 6
2031 9
6 9
1141 2
353 6
1875 7
463 10
1277 3
94 10
309 5
395 9
337 5
213 2
1438 2
1704 5
1034 5
1577 6
1987 9
2013 3
72 2
259 4
1093 5
145 6
1773 4
1081 7
1142 1
793 5
1028 3
1866 5
1680 7
1837 10
1917 10
113 2
747 9
1348 6
812 6
1821 3
1103 5
1250 6
586 8
1770 10
172 7
183 10
367 5
1097 10
1007 4
1573 6
1026 3
165 7
502 5
1073 4
1225 3
1622 1
1850 1
584 6
1857 3
839 3
1161 2
1223 8
1573 2
380 10
1024 3
1265 4
1812 2
1149 10
1893 8
1780 9
71 10
324 10
1168 5
442 1
1740 4
821 6
1020 3
1532 5
1370 4
1464 6
1464 5
1772 10
1865 3
551 4
578 9
949 8
1704 2
894 6
1096 9
611 7
1432 2
1455 3
263 1
537 1
782 5
834 10
851 10
1653 4
959 8
1446 8
173 1
1571 4
750 1
867 8
1868 6
776 6
1367 5
860 9
1820 7
2014 6
1000 6
106 8
1545 1
838 7
1774 3
1702 9
1909 6
121 1
340 5
978 8
268 5
1307 5
1621 7
1238 5
1338 7
1614 6
1018 5
1552 2
2033 10
2022 1
518 2
978 3
933 5
1550 5
1421 5
1648 2
1180 10
417 9
969 7
2022 2
578 8
1146 1
803 7
976 7
966 9
1095 7
475 1
924 1
1130 5
1338 5
1602 10
1012 8
778 8
1388 5
188 1
1458 3
1471 5
1750 6
171 4
901 4
1543 3
1104 4
1101 10
1741 2
1799 9
628 9
992 3
1914 8
950 2
1836 3
1200 3
1329 1
1451 7
2029 9
174 9
372 8
578 1
2002 10
592 5
1402 9
1324 3
1964 6
925 9
896 10
1928 9
1772 1
1759 5
1541 7
130 4
944 10
1854 7
1593 8
862 9
1664 7
1080 10
1562 2
1622 3
1995 9
343 4
697 4
961 7
1354 8
1564 5
1808 1
665 6
92 9
363 5
684 5
1546 2
1793 1
149 8
308 6
1764 9
78 9
208 5
1898 6
1502 4
1055 6
1066 7
1137 6
1325 7
166 4
609 2
974 10
161 8
626 10
1743 5
1294 7
1593 10
166 2
703 1
1267 2
501 2
329 6
1728 4
1861 8
295 2
685 1
701 4
944 2
612 2
967 1
1160 9
1751 6
8 9
509 9
105 9
710 7
1117 7
1499 7
1735 6
509 9
613 2
895 7
1906 4
317 6
207 7
749 10
2007 1
995 10
1658 9
1455 9
1349 9
681 4
1689 1
147 5
1114 4
1459 1
1756 1
639 9
1047 6
380 6
40 10
1110 6
1355 4
2016 6
75 4
359 10
59 2
431 3
322 4
1672 9
1077 4
1124 7
1362 4
580 4
659 10
959 7
802 10
1769 8
168 3
935 5
1366 7
454 10
1895 4
1351 6
1505 2
43 7
76 8
931 3
144 1
78 1
1233 2
1207 8
1295 4
1577 8
1631 5
1684 8
338 6
219 3
81 8
1882 6
39 2
1182 3
1448 8
1859 8
1887 9
1282 8
552 2
261 2
1014 3
1931 9
833 7
1941 10
268 3
776 2
1829 10
813 10
952 2
1330 3
769 3
1094 8
1251 3
889 3
1047 7
2005 7
384 10
1662 3
887 5
935 2
1654 7
1281 2
1206 3
1656 9
123 3
311 6
994 7
547 8
207 9
512 5
871 3
1093 5
1614 6
1727 6
1903 1
998 4
399 1
777 7
1171 5
1373 1
127 2
290 10
91 2
1135 2
1643 5
1338 2
420 2
346 3
1359 4
1763 1
1856 5
500 4
1787 3
1969 2
454 2
1426 3
1709 9
178 6
204 4
707 6
1024 4
942 8
724 10
1968 9
136 8
233 9
1918 10
1014 3
1767 9
1807 3
502 7
1762 9
337 4
1542 10
824 1
957 10
175 4
812 1
1686 9
1340 9
1354 4
84 6
334 3
1056 4
1691 10
1987 2
1165 6
609 8
845 3
1763 5
1591 9
1759 9
199 3
1412 8
1509 3
131 1
1646 1
1423 8
513 3
1043 10
1344 2
1461 9
1494 1
1746 9
360 8
463 1
553 3
1019 7
370 4
1294 10
1262 4
1889 2
1948 7
408 10
884 9
249 1
1486 3
717 5
787 9
1570 3
1877 10
824 2
1384 7
1431 9
1745 5
1444 7
1534 2
1098 10
1712 1
2018 1
1374 4
1246 2
1866 6
217 7
549 3
1669 4
1729 2
1566 7
1734 2
1818 7
602 6
605 7
1138 4
92 5
1230 2
1787 7
1957 1
2014 1
458 2
1970 6
1969 2
883 6
1574 2
1212 9
1928 2
1930 4
992 1
335 1
1440 5
1868 1
1550 2
413 10
348 5
1554 6
291 2
900 2
981 4
1706 3
1141 7
1339 4
1378 2
1506 5
5 4
8 5
34 9
1679 1
951 9
1599 3
1892 10
4 4
86 6
512 2
1019 5
1068 5
230 2
1578 6
991 3
1065 8
515 8
879 5
1416 5
1770 7
1869 4
1037 7
254 6
1472 9
1564 1
1743 1
265 7
1029 9
1175 10
1351 6
117 3
1288 8
1761 5
1807 1
817 9
1023 10
1104 1
1749 4
1145 1
901 4
706 8
827 4
1084 10
712 1
784 5
372 7
1429 6
1467 7
2022 5
31 4
246 9
634 5
616 9
1929 3
28 7
393 10
855 4
917 9
1039 10
5 1
1700 4
1964 6
288 4
1929 4
1404 1
549 10
737 3
1372 9
1021 5
1112 2
1304 9
1039 4
1097 1
911 9
1723 1
1754 10
1784 4
1436 8
1473 10
1946 8
74 5
86 2
1533 10
2024 6
477 10
1980 4
396 7
591 9
1494 7
28 2
14 10
128 8
1462 7
1812 2
1772 1
1367 10
1524 6
1783 2
587 5
1757 4
92 8
282 8
1870 1
2010 8
1323 5
439 5
914 5
1055 6
596 1
1759 10
1125 8
1660 1
1874 6
2023 6
119 3
504 5
524 2
304 1
1498 6
1679 10
1817 8
277 8
839 6
660 9
1103 2
1795 1
1478 6
300 5
373 8
1188 2
531 3
1610 8
1175 8
1704 2
1975 9
11 6
545 5
732 3
888 7
1586 4
1054 4
1124 5
700 5
624 5
1310 7
1737 2
578 8
1744 1
1935 9
94 5
689 7
1674 1
1850 10
680 1
1958 9
1051 7
1585 7
494 9
576 7
241 10
1881 6
1163 10
1238 9
1485 2
279 3
873 8
1359 5
1942 6
2010 4
1215 5
2044 8
209 5
1878 4
224 7
33 4
86 4
1463 6
65 6
541 4
613 4
1644 4
733 3
1645 9
1685 10
886 5
719 8
656 7
538 4
1459 9
1993 2
765 1
1001 10
1114 5
1056 7
259 3
425 5
923 10
371 7
378 1
1717 8
1110 8
1127 7
1901 4
87 8
718 5
1503 2
1730 4
1401 4
84 10
713 7
800 6
1125 7
1199 9
1512 1
1766 5
1946 10
384 1
1141 1
55 7
674 1
869 6
1335 6
1426 8
630 4
1633 1
1907 9
213 9
1037 5
1307 10
1199 3
1520 1
1237 9
321 1
323 1
1929 8
1442 9
1709 4
1212 4
97 5
203 2
1 10
821 1
647 6
1516 7
320 4
757 5
454 4
970 9
1987 9
856 1
1227 3
1242 5
1489 4
1070 2
1460 7
1853 6
646 7
139 7
1661 3
2015 10
316 3
687 6
1881 4
155 5
1497 2
1149 3
1047 6
1969 6
1179 7
1454 8
329 2
753 5
947 9
1087 4
1273 5
1936 8
853 4
1557 5
758 7
1392 9
1510 10
1343 2
1764 7
1808 7
657 10
1669 10
1725 7
622 5
8 10
56 5
194 10
381 5
1017 2
1091 7
1128 1
1564 8
1487 5
461 5
886 3
1361 1
501 2
1237 2
1019 1
310 10
1292 3
1318 6
1605 7
404 7
1947 5
965 6
624 9
1592 8
1750 4
453 10
586 3
423 10
1729 4
1612 6
1823 6
1924 1
35 8
239 8
555 8
1097 1
164 2
908 5
1446 1
1562 2
1998 1
14 7
1036 1
666 1
1293 10
1602 5
191 8
1343 5
1359 10
1390 8
1514 5
149 8
884 3
1928 6
511 9
806 5
1026 10
1137 3
2045 10
20 10
1298 7
175 6
283 6
384 4
882 7
1815 2
33 9
1385 5
674 1
1332 9
418 8
1993 1
70 9
891 2
708 9
947 7
63 1
223 8
796 9
802 9
439 3
1775 1
1760 6
910 7
1345 7
1396 6
1518 5
1937 4
671 4
426 10
1524 3
1742 2
1334 10
1828 8
269 3
50 4
450 10
1162 1
1401 1
1845 7
80 7
451 1
637 9
928 4
1598 9
1248 2
724 6
47 8
467 1
1602 10
1337 10
1676 2
1016 10
1420 2
1482 2
1958 8
272 10
357 6
911 9
919 5
10 4
1420 7
1441 6
1678 10
902 8
1862 2
1778 4
1678 3
907 5
1336 6
138 7
392 2
1050 9
1025 2
105 1
554 1
1846 10
1466 5
1745 5
1949 5
539 4
751 6
1155 1
112 3
1586 9
333 9
1449 10
1118 10
1389 8
1725 4
1011 10
1551 5
1816 1
560 5
1077 6
203 6
1968 4
572 4
177 2
374 8
1650 1
1480 5
862 10
942 1
731 4
28 10
1391 6
122 6
375 9
401 10
766 5
1027 5
724 2
414 9
209 2
51 10
939 4
1202 2
835 10
1230 6
1388 9
1737 1
702 3
1620 7
1278 5
1370 5
1949 4
1069 5
1378 8
1172 7
1278 4
1340 10
1625 10
57 9
99 3
90 4
1171 7
865 2
2037 1
1241 2
1966 10
590 4
608 3
966 3
225 6
1515 8
1821 3
788 3
1400 1
610 10
1510 1
1096 10
1113 8
1556 10
1435 5
1261 3
1984 3
1741 9
1958 6
1505 10
1389 5
24 9
512 7
283 4
1314 3
1406 3
1810 3
85 2
1595 9
448 5
1318 5
522 4
659 2
711 8
953 5
1137 7
1358 1
65 2
61 5
151 4
413 8
1035 10
1362 9
1324 1
1398 9
1729 5
450 9
930 9
1960 4
352 4
1249 3
140 3
1061 3
737 5
160 7
1788 10
244 2
452 4
1314 4
1995 1
1865 3
2023 3
55 5
598 10
600 1
1378 10
1229 3
1714 5
404 1
1322 7
27 9
186 1
478 2
355 5
517 5
279 7
1283 1
163 8
224 6
264 8
808 7
1452 9
476 5
587 10
1827 1
1294 9
1705 2
1726 1
1113 2
503 6
1689 10
1210 9
1483 2
1686 7
1835 2
95 6
618 3
899 4
906 7
1321 5
9 8
1946 10
1406 6
1664 3
445 7
869 1
1836 4
948 1
566 5
874 9
1203 2
834 9
430 7
192 4
948 2
214 2
1801 7
1923 4
805 4
147 6
122 8
731 9
980 5
1789 8
1650 4
961 7
1204 1
263 10
703 9
211 7
1355 10
400 4
1781 8
80 8
228 3
584 1
634 6
1545 8
1520 4
1507 3
1263 7
1350 9
1421 3
1686 8
1698 7
376 8
1903 8
1721 7
1836 2
494 5
1130 3
1819 6
1341 10
1333 6
1127 9
1231 3
1720 10
1954 6
1040 3
1312 8
633 6
206 5
1974 6
142 4
1731 3
1731 4
34 10
1169 2
93 2
304 10
1250 10
1494 9
345 5
595 2
1190 2
1303 8
1371 10
1270 6
1657 8
590 5
635 8
1237 6
424 10
1193 1
1225 9
2030 10
247 10
347 4
205 3
615 5
733 1
357 6
1874 7
953 7
1325 10
1067 3
1484 9
850 8
1059 8
1599 10
2004 8
113 4
1665 2
214 2
677 8
1730 6
525 6
1529 7
1631 4
1225 2
1498 3
1549 3
1016 4
1188 9
211 5
493 1
1664 4
305 1
571 1
835 4
1224 3
1503 2
26 7
1281 10
1945 10
1088 9
937 4
1132 4
1379 5
390 2
980 1
488 8
1298 10
1569 6
108 3
401 6
641 2
666 3
840 5
1676 6
202 9
1255 2
858 2
998 5
1829 2
1119 5
401 4
654 10
1335 5
1637 5
1386 4
305 9
327 3
160 1
1529 10
882 7
1417 1
1227 8
1817 7
665 4
1362 7
887 4
1305 6
1852 5
519 3
1583 10
827 7
228 1
322 10
359 8
441 5
1596 10
1434 10
953 5
893 4
1349 10
360 8
917 9
536 5
824 3
370 5
650 1
1515 8
1886 3
701 4
1349 5
390 8
1006 7
1025 8
1224 10
134 7
472 6
984 10
1211 3
1223 10
413 4
1430 2
271 3
1833 2
455 2
732 9
933 4
1209 2
271 8
1024 3
1204 9
715 4
1285 9
1341 9
1353 1
1492 2
1841 3
99 4
123 6
204 1
544 3
209 6
1775 4
7 7
409 2
838 4
1134 3
1217 8
29 4
354 9
1616 9
2028 5
104 3
142 4
352 1
1010 4
1762 1
737 5
35 5
1290 7
1435 6
1834 9
281 2
855 1
859 6
1184 3
58 1
793 6
1751 4
1087 2
841 9
1169 6
2011 5
1518 9
676 4
997 5
77 6
1199 3
970 8
345 3
1507 3
1691 4
1966 10
1714 6
1724 7
1936 3
1619 8
1789 1
1861 3
1059 2
1809 2
457 2
408 5
1475 1
158 4
195 9
1245 1
1984 10
381 4
1436 2
1298 3
1235 10
1235 10
1246 7
1752 4
42 8
361 5
1543 10
623 4
1556 1
1695 7
1131 9
1142 2
1204 6
694 2
746 2
476 8
292 10
1896 9
2032 3
1033 5
1427 10
1118 9
1745 4
1867 10
683 6
814 3
2017 3
564 6
489 3
607 10
780 3
977 6
166 1
214 2
1439 9
1669 7
83 2
1610 2
1627 5
1172 2
1962 8
1599 3
1753 10
281 1
844 4
1408 2
1134 5
613 9
218 5
1317 4
1500 9
1912 10
972 6
1513 6
1418 4
292 5
330 8
615 4
1655 6
203 7
1349 10
1469 2
131 8
1234 1
1591 7
223 6
1285 5
2005 4
23 7
110 5
1085 2
1487 8
1235 7
1489 1
413 10
162 3
615 9
1488 7
949 5
1287 8
1156 2
17 2
623 6
1317 3
1983 3
416 1
1181 3
505 6
734 2
11 7
1665 10
385 4
1022 6
1202 10
686 3
2035 8
113 1
967 10
938 6
49 8
1065 3
1700 7
123 6
1559 3
1480 2
708 3
1724 4
1517 10
1944 10
1843 10
2026 2
430 6
912 10
1654 8
546 10
316 3
1329 4
1440 10
2019 2
29 6
1214 2
1955 2
676 8
322 4
910 1
1745 3
63 4
514 5
692 10
868 6
524 3
1881 1
375 4
669 5
1540 7
478 5
1828 5
918 4
1753 3
816 7
1394 10
1486 6
1276 10
197 6
858 4
661 7
724 5
1969 3
1335 5
1387 2
1927 9
454 8
888 3
1404 6
1175 3
1657 6
808 9
1081 4
734 8
2026 2
1197 7
1410 5
1330 7
603 5
4 4
592 8
86 8
1687 9
1834 9
1972 3
1960 9
758 9
865 10
1026 4
452 9
88 10
696 8
1574 5
755 7
1836 3
61 2
1541 5
556 1
1405 7
349 9
975 4
1049 2
1868 8
145 9
405 7
1612 2
68 5
226 9
661 4
802 5
0 2
82 5
133 7
774 10
1529 5
1326 7
1521 7
1852 9
124 10
1203 6
368 1
1595 7
313 10
388 7
797 2
1759 5
1922 9
59 8
321 2
408 8
601 6
607 4
1778 1
988 6
1467 1
2 6
1539 5
1555 5
1138 5
1693 2
602 5
1429 4
1639 4
792 5
1528 7
800 9
270 1
558 4
1389 1
2024 1
1371 1
1647 10
708 2
1259 10
1804 1
786 4
73 9
585 3
588 7
621 3
139 5
1017 3
1379 10
1726 8
1905 7
806 9
457 1
1170 5
1171 4
1977 4
59 1
62 2
976 8
1701 8
1481 9
411 2
878 4
1870 10
1484 5
145 8
1470 3
1583 8
1592 6
1725 3
1867 5
250 6
1067 2
1211 10
1335 3
634 9
1720 1
1859 9
1452 1
1679 1
1755 4
1062 8
1562 10
368 9
103 7
271 2
1535 9
1669 6
36 1
683 5
1375 6
1186 1
1568 7
298 4
607 6
715 10
1922 7
220 4
1749 6
2045 9
405 5
509 5
540 10
554 7
841 1
1437 3
1225 9
787 5
1245 5
220 4
678 4
780 1
891 1
675 10
1809 4
1551 9
266 7
426 7
818 9
912 3
1247 8
520 9
1309 2
1724 4
1955 4
1096 8
378 2
1013 7
1409 7
716 5
1298 2
1998 7
1907 1
230 9
935 9
1228 7
713 3
1857 5
1342 10
39 5
920 7
189 5
106 7
1297 7
1512 9
421 9
865 10
1142 3
1531 2
536 3
223 4
744 2
1146 10
656 7
1774 2
351 9
699 7
921 9
1081 10
1187 9
1048 7
1650 10
1780 7
801 6
1059 4
794 6
2030 6
760 6
1770 4
883 5
388 4
11 1
1825 1
756 10
871 9
956 10
1291 7
1956 1
1535 8
117 10
655 4
1149 7
1235 3
1289 2
1213 10
1683 6
278 2
1649 4
1689 4
1715 7
1802 1
1985 6
847 2
125 10
1378 8
1746 4
1429 8
779 7
1565 8
1328 4
1344 3
1938 2
438 7
521 8
567 3
968 1
855 10
384 4
575 1
851 10
1008 7
1429 5
133 1
1994 2
926 6
1203 8
873 6
66 4
514 2
1103 9
10 8
1753 7
1882 1
1955 8
49 9
185 9
1218 6
885 9
1336 5
543 1
660 8
145 6
1601 6
367 9
1033 5
1130 10
873 10
1681 7
300 4
804 3
482 1
1862 5
219 4
1287 2
1663 3
1584 7
266 7
1115 7
1951 6
1662 3
1813 7
461 10
677 4
39 10
1744 5
1425 2
277 7
6 4
35 10
40 3
408 5
1200 8
2023 5
745 2
1947 6
154 4
614 5
160 3
23 1
1392 1
2005 6
259 6
342 3
420 6
1177 3
1183 4
838 9
1705 2
904 6
248 5
386 5
1372 9
1765 4
2036 2
49 9
161 6
1847 8
167 2
215 1
1871 7
1242 4
1248 3
112 5
1589 8
1720 9
1838 7
2010 3
969 10
1178 5
1142 6
1934 2
322 3
145 10
1561 4
531 7
704 9
893 9
954 6
589 2
1420 5
231 8
254 9
722 10
1952 5
471 2
1360 10
299 2
1189 5
1613 7
315 4
729 4
291 5
115 2
383 7
1185 7
80 9
416 1
1974 10
2019 6
208 9
292 4
1523 10
1981 3
1109 5
695 4
985 6
1041 3
1180 1
28 10
1914 5
486 1
775 6
1206 10
401 5
1047 7
1588 6
38 2
878 10
1269 7
454 6
707 9
1426 10
1594 3
231 3
317 6
1519 2
1704 2
250 5
504 10
681 3
318 3
1608 8
1300 4
1695 10
1940 7
101 6
409 4
1254 4
746 9
747 1
1040 1
1474 8
1598 10
1263 7
1896 1
1064 3
1775 9
867 7
1821 6
1741 2
1627 10
355 4
720 6
937 7
1151 9
1754 10
1332 2
1332 2
1349 6
1838 3
200 4
527 4
1199 6
1978 2
301 7
556 10
650 1
1154 10
565 6
239 3
71 1
83 1
129 2
241 9
432 4
569 4
1129 6
1216 5
1281 3
196 7
784 7
1260 5
1666 2
1997 9
1160 6
1305 5
671 7
1637 5
1953 8
1714 10
813 8
1157 10
3 4
2046 3
31 10
282 5
74 9
279 7
310 8
1070 2
214 5
1033 7
800 7
1037 5
1701 7
66 9
452 3
789 4
992 5
1782 1
1719 8
1091 4
395 2
1642 8
971 8
1637 7
1171 10
1076 9
1594 7
1586 5
527 5
622 9
1199 10
185 3
1225 9
1538 4
499 3
1290 10
1792 1
1688 3
1507 8
2017 10
1763 3
172 7
389 3
1147 5
516 2
849 9
1139 2
279 5
395 10
787 6
1080 2
1300 3
435 1
1965 9
81 6
507 1
838 6
1706 8
605 8
1153 7
1881 4
266 10
722 3
1583 7
495 3
745 5
1360 10
206 2
226 9
886 2
1667 10
1426 3
2035 10
1021 6
654 5
1613 8
1540 2
1858 6
231 6
487 3
1054 9
1222 5
1244 10
1220 10
1539 9
1332 6
701 10
1689 2
894 2
1593 7
556 3
1197 9
1432 7
941 10
1058 6
1096 6
599 5
1577 9
227 4
768 8
832 6
461 8
1225 1
1778 3
757 2
1953 5
1044 8
979 5
1076 4
1763 9
119 6
959 3
1194 10
1055 4
840 2
332 4
404 1
1468 5
645 6
912 8
1522 10
825 3
829 10
988 5
583 4
1704 9
1805 7
282 9
383 2
846 3
1179 1
1841 10
161 1
174 5
1996 1
1427 8
1529 7
1570 9
1918 5
2022 7
1071 4
1119 5
1147 10
292 6
1486 1
745 1
1748 5
1730 9
1921 1
279 4
1346 10
1320 10
92 6
323 2
1746 3
70 4
920 3
458 6
704 5
1141 1
1180 9
1218 7
1056 4
1523 2
1517 4
1891 5
138 1
1830 10
17 9
805 3
1716 3
639 7
706 2
541 4
1642 6
1972 3
54 6
175 5
336 10
916 3
1529 2
1957 7
1058 7
1872 7
783 9
1853 9
106 6
926 8
1031 5
1584 2
1107 10
2046 3
894 6
1989 9
185 8
608 10
656 4
769 6
1515 1
684 10
1392 9
289 2
363 4
976 5
1028 4
1170 5
1791 8
1203 10
1275 1
871 7
1423 8
1900 4
1974 8
892 10
1103 9
1315 9
122 1
1786 7
1880 4
346 4
1710 2
294 5
626 8
112 9
1069 1
833 5
1442 8
116 5
215 8
601 1
769 7
1085 4
2001 10
781 3
1783 1
986 9
1283 6
824 8
866 10
1841 3
1668 9
772 6
1648 5
974 9
116 6
662 3
987 7
1805 9
1171 8
1184 10
1091 2
1299 8
2016 8
605 3
647 2
796 1
1212 5
1277 10
961 5
648 3
646 10
498 4
1519 10
1899 4
487 6
786 1
424 3
817 9
1514 4
356 6
412 7
391 1
2022 9
1959 1
1540 3
1910 10
1780 10
208 8
634 8
823 1
1083 7
747 8
1410 6
1506 7
1721 1
1951 10
383 5
1150 5
535 7
34 7
1493 7
1527 7
934 2
1216 4
1405 4
1590 9
1260 2
758 10
27 4
260 1
629 7
1038 5
204 2
1169 9
882 6
871 4
1583 1
1610 2
1275 1
1163 8
531 7
565 7
1176 5
76 9
922 1
333 7
639 4
1147 8
460 4
140 9
333 2
716 6
1167 6
1687 3
1921 1
1754 10
1959 3
660 5
886 3
1139 9
1369 9
1781 8
1313 1
466 7
947 3
688 4
1722 2
1439 10
737 4
1259 10
792 7
835 4
312 7
390 7
33 2
349 9
568 2
864 5
989 3
1833 2
21 1
274 7
1910 3
713 10
1153 6
642 10
755 3
181 4
398 6
864 3
1180 9
1936 4
1659 4
700 3
636 4
1885 9
1453 3
1986 10
192 6
948 4
1174 1
241 7
1766 9
1964 9
123 8
496 9
548 8
1126 4
1155 1
259 2
1988 6
407 2
464 3
973 1
1041 9
869 3
382 9
26 1
483 6
532 2
977 9
160 6
1459 5
875 9
1604 7
427 4
1261 6
1102 1
1859 3
1554 10
1418 8
143 9
841 5
1386 4
892 5
1266 7
1421 4
1970 5
1177 3
317 8
1699 9
1189 6
1512 3
822 6
720 4
845 6
364 2
2046 1
205 6
669 2
1242 2
1987 6
124 6
1930 5
1288 7
815 1
1831 2
1868 10
414 1
533 10
943 3
1263 5
1384 6
988 4
196 7
1434 7
1474 6
1687 7
1760 3
1937 2
950 8
155 4
1736 9
1079 8
324 7
227 8
380 10
481 7
1971 3
1431 4
1840 7
1965 2
556 10
900 4
1687 10
989 6
1972 1
532 1
572 10
328 3
616 2
1628 7
631 1
1094 5
894 5
130 6
1620 8
2024 4
1217 1
282 2
1465 4
2009 7
244 4
1490 9
1971 5
10 5
434 8
595 2
612 7
1404 8
1243 4
691 10
567 5
715 7
860 9
725 1
585 3
194 5
1569 5
1671 3
2030 3
337 1
472 6
1158 7
1319 5
223 1
1157 2
1647 7
1739 9
243 8
1035 5
1405 4
1197 3
138 7
1999 10
1568 4
1590 5
254 3
665 5
1642 4
21 4
1915 2
871 6
1371 8
1079 8
553 9
1009 9
790 2
1600 8
275 7
884 6
375 7
826 2
288 7
2014 1
754 4
1311 2
858 1
937 10
93 5
431 7
717 4
1129 8
1347 3
1326 10
1072 3
654 5
276 6
1470 8
1475 3
1748 3
35 7
156 4
305 7
620 4
792 2
1238 10
1516 7
1709 10
1358 8
998 10
145 9
469 10
646 10
1614 2
1781 4
817 10
972 1
1300 8
1302 5
1099 6
561 6
1273 4
1468 5
191 3
514 7
1224 2
1759 5
309 4
195 5
250 7
1413 4
1083 9
102 1
1773 5
1906 8
1908 3
314 9
1350 7
1029 2
85 10
251 6
79 9
77 10
340 1
382 1
146 7
1220 10
730 9
1410 7
1906 5
1460 4
1871 4
218 1
1175 5
690 9
1228 6
153 6
238 3
1235 2
919 10
1104 8
132 3
1636 8
2006 3
561 5
1285 3
2025 3
1899 6
1710 1
333 8
252 1
740 7
872 10
1018 2
1767 7
2026 6
1702 10
1240 9
1700 7
182 9
1393 10
1678 2
506 4
851 5
1089 5
1983 6
431 8
1254 10
697 6
1158 6
1901 3
142 8
1630 1
569 5
744 4
1132 9
756 9
1373 8
55 1
1518 4
1626 2
944 3
1677 5
62 7
727 2
1084 7
1717 3
964 9
1804 9
187 3
302 4
931 2
858 4
681 7
1552 5
1942 9
186 5
721 5
890 6
1030 8
1145 1
1577 7
1979 5
1673 4
764 5
2017 6
1675 8
539 4
1480 1
964 3
626 5
1061 8
1615 4
1651 2
137 4
373 6
1163 10
191 1
1687 3
379 1
411 6
1845 1
1614 8
733 4
238 7
438 1
652 6
424 9
1040 7
1693 1
167 7
302 3
541 1
1187 9
467 6
1281 1
2001 10
177 1
82 2
455 6
76 2
1399 3
1673 1
1137 8
1826 3
1722 3
1737 4
39 5
470 9
1029 3
968 10
1053 9
264 7
1940 4
1936 6
645 10
1808 4
672 2
531 8
1977 10
1664 2
316 9
1525 1
1600 5
1688 5
2008 9
169 4
353 8
922 6
1845 5
1038 3
364 3
1921 4
2011 2
220 2
1403 5
1123 9
863 8
1854 1
1054 1
884 8
1135 7
2006 2
656 6
1434 4
1660 7
1010 7
1080 9
891 3
678 1
64 1
134 6
468 3
1107 7
144 5
1674 10
1837 9
462 10
840 2
1121 6
414 3
1628 6
1870 9
769 4
1639 9
1006 9
276 7
2040 5
1028 6
1028 5
1508 4
624 8
676 5
1417 4
1697 3
116 1
909 7
1161 5
1777 1
1992 10
1272 1
1945 6
1099 7
1564 8
1760 10
1558 2
1799 2
456 9
870 6
1356 5
1429 5
1677 5
1566 5
142 10
277 3
592 9
612 5
899 1
905 1
910 2
1244 2
295 7
727 7
843 3
718 7
1280 3
1426 8
1637 8
1987 4
1038 5
1627 6
74 1
1804 10
1891 4
1963 5
1978 2
2014 5
1095 9
68 9
488 7
1485 6
664 3
1104 10
154 5
589 2
1612 5
1329 8
1410 6
1710 7
1967 7
313 6
1233 1
1936 8
1426 3
381 2
797 1
2032 8
2030 10
1939 6
934 4
2020 6
1888 2
1916 2
1720 10
1851 4
506 8
539 8
259 3
1585 10
1112 6
138 3
1547 7
1560 3
704 3
874 2
395 7
1732 1
1590 3
2025 6
560 9
1448 1
1166 5
1252 2
516 6
552 8
787 9
1279 9
1924 9
408 2
1522 4
1610 6
818 4
1157 2
350 9
897 1
1188 2
1673 3
581 6
1704 4
48 6
365 9
776 4
1206 9
1280 5
480 9
1549 1
179 10
1890 2
631 1
638 5
1473 6
1118 2
226 1
1921 4
212 2
339 2
1259 6
1359 1
1082 3
988 8
2033 7
589 4
629 1
1141 5
1246 8
246 2
877 4
1247 7
1494 6
63 7
1547 3
906 6
1246 1
826 8
1134 4
1986 4
800 5
1417 9
100 5
1727 3
27 7
47 4
337 9
406 5
495 2
1840 10
56 5
1928 8
1789 7
496 10
777 10
978 3
294 10
2032 7
1225 2
759 2
979 8
1385 7
266 2
23 5
48 6
971 6
1080 1
1106 7
1488 6
1202 9
820 7
753 6
1980 1
976 1
644 5
563 10
1734 7
24 6
702 9
139 8
1601 10
355 9
867 7
183 6
1136 2
171 7
1891 6
1669 7
198 9
758 5
1111 6
507 4
1209 3
229 3
256 1
682 3
1051 7
1805 4
2022 7
585 8
1242 9
327 8
1511 6
93 5
162 10
730 3
156 7
1624 1
801 3
713 7
931 3
1047 4
989 9
698 9
810 9
1797 9
740 10
774 9
784 8
1003 4
1126 2
1211 2
446 3
662 10
330 5
1871 7
348 1
942 9
1650 6
1716 9
177 2
1176 10
1058 2
459 4
1654 3
1736 1
130 5
543 6
1512 5
1778 10
1091 5
1384 7
1943 1
1197 3
1342 8
505 4
214 8
1549 10
1231 3
1960 5
416 5
856 5
129 10
967 2
1464 4
1516 8
1669 10
1079 3
1556 4
1520 1
1820 10
200 2
247 10
290 8
1139 10
1617 4
1174 1
1556 5
1723 1
2045 1
241 1
690 6
270 7
346 10
1500 6
129 1
109 10
550 2
1506 5
1127 1
1291 9
1406 3
405 3
433 7
492 7
1243 6
2013 4
328 5
1752 9
303 3
1536 3
1700 4
68 3
262 4
464 5
488 2
677 5
1147 5
175 7
2021 3
1381 4
1774 7
1795 10
1931 9
679 2
1173 8
1222 8
1369 1
1598 5
846 2
508 6
1009 7
1427 7
1508 8
1133 7
323 7
1877 7
285 5
724 3
1253 10
1362 4
1806 7
684 7
960 7
79 7
1602 1
1784 2
1886 5
1230 9
1442 4
1153 5
686 6
1753 5
365 5
51 6
1327 2
1001 6
579 5
377 10
1380 10
1523 8
1724 2
759 1
1509 1
1196 4
463 8
1130 1
66 5
141 1
1269 7
1824 9
35 7
1612 2
0 4
210 4
1481 4
1356 10
1715 9
169 3
643 10
774 10
796 1
1323 10
1362 2
1581 7
1519 8
24 1
544 1
709 2
799 5
1108 6
1154 3
321 3
1800 7
2039 1
559 1
426 2
1457 1
476 3
654 2
861 7
1531 8
1970 6
876 6
941 7
1386 7
963 2
125 7
505 9
583 4
1274 7
1772 2
609 10
1550 4
81 1
812 4
1209 7
1217 10
1269 5
1365 2
23 5
1358 7
753 1
324 6
602 4
824 1
443 5
1009 5
483 8
1977 2
1002 9
1292 2
1526 8
816 4
618 3
1801 10
1839 4
702 2
1028 5
322 2
1670 10
1788 6
1937 2
212 5
1105 10
1817 5
753 6
302 3
1084 2
485 8
1969 9
847 9
102 3
1297 8
678 6
1282 9
1989 9
466 8
736 8
1513 3
837 1
766 2
2031 6
796 5
67 6
121 5
1341 4
305 5
120 4
1835 1
1722 3
1925 5
379 3
782 10
1349 9
810 1
187 7
32 5
1272 5
1704 2
288 4
1258 7
1348 2
1383 3
594 8
2019 7
535 7
281 4
370 1
603 7
1266 5
442 2
1042 7
162 2
20 1
324 1
444 8
637 8
1075 10
1925 5
73 7
395 9
431 2
1802 3
386 4
422 5
546 6
886 9
914 7
1039 3
1236 10
1657 10
1944 3
1711 5
181 5
674 8
750 4
588 10
706 5
1627 8
1551 4
16 5
455 1
558 6
575 7
1032 1
1196 8
1603 4
1675 1
2037 10
1045 2
1759 7
1781 1
1574 4
1830 5
1488 3
289 9
1478 7
555 9
1564 6
396 7
1557 2
1629 1
358 7
548 1
743 6
1484 1
1507 10
1819 10
1209 3
221 6
712 10
1035 5
1090 2
1528 4
186 1
977 7
45 8
498 10
565 7
1003 2
1164 5
1286 9
1986 5
1544 4
1659 9
67 8
1034 2
698 6
1445 5
1642 9
1775 3
988 10
1717 2
1597 6
352 10
660 8
1404 10
2022 8
1818 6
1090 6
1945 1
278 4
890 5
1272 5
1857 4
72 8
265 4
1175 10
1509 4
1236 1
1510 5
1824 6
1139 5
1548 2
986 9
935 7
572 3
58 5
419 8
1583 4
1467 2
719 4
237 8
326 9
359 6
1252 3
1947 4
1921 5
458 4
1478 3
1901 10
403 5
1318 4
10 5
405 4
1282 10
978 4
1145 2
1043 2
1944 2
1741 7
335 7
58 8
688 7
1607 1
1665 10
310 5
1141 8
1467 8
1547 6
729 6
267 1
1095 1
1044 5
1845 7
208 8
434 10
463 7
1300 8
735 8
639 10
1972 8
231 7
939 9
807 6
1086 7
1468 5
1918 3
357 2
970 6
544 1
362 10
711 9
823 3
1937 9
2022 7
1283 7
1421 4
1868 5
1645 8
1419 5
97 3
1213 6
1083 3
1358 9
1859 6
1793 1
1952 8
2000 5
57 2
701 5
1812 3
766 3
1030 4
963 5
780 5
600 8
1953 4
885 1
4 2
732 2
1023 6
1025 2
882 9
1963 10
354 5
501 8
662 10
1088 2
411 5
1546 4
404 9
1265 5
156 5
1922 1
772 1
1690 6
1982 1
753 2
661 8
1999 8
1351 9
1446 7
1018 6
676 8
41 3
1059 8
1668 4
913 7
892 1
326 6
1093 6
148 10
227 8
1938 7
2017 7
145 8
551 4
934 7
741 3
1956 5
1788 7
1809 1
1523 7
1986 2
253 5
2023 10
1632 7
287 7
366 5
803 10
1951 8
76 6
745 1
306 7
708 6
1219 10
1346 7
1558 4
1388 1
734 1
2014 9
1280 8
1598 1
2044 7
562 4
1367 2
1810 4
1309 7
989 2
681 3
1478 10
748 10
1680 4
894 4
1117 7
249 1
1114 4
1162 9
1627 3
114 4
1891 9
1340 5
485 4
764 1
937 7
1952 8
313 10
54 2
1699 9
1325 6
142 7
1658 5
1317 8
274 6
1762 8
1826 6
1853 4
202 6
1479 3
1963 10
566 6
1421 5
1386 9
658 2
1078 9
1245 7
1889 3
446 10
367 3
171 9
927 7
1962 9
1143 8
307 6
1280 6
885 10
1043 8
1350 7
1048 10
311 1
479 8
1327 3
1340 7
1731 6
403 1
28 8
602 3
316 3
1178 9
1270 7
627 6
1748 1
640 2
1220 10
566 4
1763 7
166 6
749 1
403 2
663 4
849 10
855 7
1553 6
291 3
1760 10
886 9
1156 9
1515 5
354 9
1329 10
1583 1
625 1
1903 4
187 3
474 2
1207 10
1092 3
1241 3
537 10
301 3
815 9
1423 8
823 7
1457 5
407 2
1306 6
1496 10
735 9
390 8
794 3
162 9
820 3
1157 10
1146 5
783 5
1037 10
1517 1
820 1
991 3
1545 4
1682 10
342 7
3 9
1969 3
130 4
149 4
639 9
777 2
1403 7
129 4
738 9
2044 2
164 8
237 1
1985 4
1142 7
738 8
136 4
1634 5
1670 1
309 7
264 9
1630 8
2029 2
1690 10
1997 9
1563 1
305 2
1881 8
1662 5
953 10
89 3
1328 8
554 2
75 2
43 5
560 8
1809 5
325 4
344 2
7 6
461 10
170 3
330 5
425 7
1113 8
1241 2
362 1
1388 2
1748 5
1481 6
1615 6
1806 5
861 3
229 9
11 1
1933 1
432 7
595 10
1144 6
1474 5
1267 2
1521 2
372 8
451 9
1321 7
1348 8
1838 9
1785 5
1773 5
1796 5
987 1
1428 2
1450 8
204 1
1068 6
1033 6
1824 1
1898 6
1610 6
1448 4
475 2
952 7
1227 9
1869 10
1667 6
345 7
962 8
1510 4
300 9
1642 5
127 6
708 1
39 7
422 3
976 4
372 4
1680 3
1831 5
1956 10
433 1
474 6
1232 8
1799 8
331 10
1170 7
414 10
1829 8
1416 8
41 5
286 5
377 1
539 5
1033 7
605 9
189 9
1671 3
22 4
791 4
1043 3
349 10
1024 1
1755 4
1933 6
125 9
193 2
465 8
1670 8
241 4
861 2
1501 1
872 7
922 3
1988 3
633 1
8 7
280 10
1171 10
925 4
1443 2
218 3
984 2
459 2
505 9
1241 5
1471 6
1544 8
1586 3
228 2
1331 10
829 1
1805 5
125 8
1463 6
1415 7
962 4
418 4
1955 6
286 6
1733 1
1548 1
1606 8
590 2
1441 1
1737 8
335 9
2013 5
172 10
404 4
735 2
1209 4
943 3
1059 5
1854 7
883 7
1581 7
332 3
1747 8
31 5
839 5
1129 1
553 6
75 4
698 1
924 5
659 9
1669 6
1605 5
361 10
126 9
189 7
190 7
725 5
970 5
227 4
593 1
1000 9
1853 2
181 5
221 6
348 2
550 10
42 6
1436 8
753 9
1719 3
382 1
1216 5
1336 5
1340 7
1470 8
1943 9
2006 10
613 9
1658 8
315 8
1755 10
192 7
1646 8
338 2
1713 3
2032 1
1273 4
1463 9
1980 9
962 8
0 1
706 9
1963 7
246 2
1654 6
974 3
653 9
1768 10
443 6
868 9
1894 3
2026 1
104 8
175 10
380 9
1364 6
1422 4
1617 5
1339 8
513 7
1552 9
1913 9
2024 9
672 6
1070 5
350 7
780 7
332 2
385 7
414 3
1121 4
843 6
1672 4
2027 1
428 10
1015 10
1122 9
1569 8
49 5
652 5
1740 3
2027 2
593 5
709 6
1079 1
1638 8
551 3
979 4
1705 9
722 6
173 10
1275 10
1420 7
523 6
72 6
33 4
1035 2
1376 5
1807 2
1912 9
2026 6
1006 8
371 1
386 3
1990 7
202 6
1771 7
1298 4
1166 1
1193 4
1504 6
1724 4
444 2
930 8
1294 10
630 5
656 3
1448 2
781 5
165 8
581 1
1858 7
768 5
1030 4
724 3
2044 6
158 1
310 1
529 3
914 6
1067 7
1254 8
1640 6
615 2
1505 3
1891 2
1790 3
1837 2
26 5
1244 6
183 8
35 10
564 10
396 2
611 7
1067 9
624 7
1849 2
691 1
1008 10
1543 10
1261 6
613 3
1203 8
1922 1
170 6
193 8
419 6
967 2
1053 9
1589 5
2020 9
1637 8
2029 9
389 6
526 10
611 2
1551 9
1741 9
1398 4
1717 1
275 7
985 3
1460 7
537 6
536 2
1110 1
299 9
336 3
301 5
1917 4
1135 3
1880 1
1310 3
1607 5
1938 4
1066 3
45 8
30 4
275 4
1309 3
700 4
324 5
1935 2
659 5
1043 7
1457 2
1210 4
1189 3
1739 6
135 7
334 8
427 2
1207 2
1563 10
1249 10
197 8
1897 5
2010 3
632 3
794 10
1335 2
1859 10
1985 7
1347 10
605 9
1616 6
330 10
1005 6
1376 9
21 9
853 1
1577 4
792 8
1086 4
1140 10
1497 7
1634 6
1282 6
1240 7
1508 10
151 7
1752 9
619 4
1532 10
1623 8
834 3
1605 1
1621 3
87 8
1419 3
98 6
1872 2
3 8
805 8
1056 9
656 3
1644 4
995 7
1483 3
1918 7
1453 1
650 3
1446 4
1116 1
1462 10
689 4
763 1
1015 7
1545 1
672 6
1447 8
1895 8
1939 7
1157 2
1214 6
878 6
777 3
662 7
107 3
248 10
1443 5
1468 5
376 9
801 8
433 9
1719 7
131 1
328 10
446 6
944 4
1159 3
1158 10
1439 2
1749 10
94 10
37 3
481 7
1092 1
1111 10
413 7
1281 1
423 7
1585 4
1618 3
506 9
748 5
1020 7
181 8
515 4
1307 7
1996 7
136 1
1788 8
1882 5
1980 9
389 5
1603 10
762 1
379 4
875 8
1298 6
1961 7
515 5
248 8
1771 2
252 6
575 6
705 5
573 6
168 5
1059 8
300 4
1770 3
1924 10
254 5
651 9
1122 10
849 6
765 1
1732 7
1076 9
1188 7
662 3
2029 1
1197 8
1264 9
1391 3
1414 10
1449 3
1410 7
189 4
401 2
609 7
1342 3
1457 5
798 8
1006 8
1766 2
240 9
611 4
1054 1
1188 10
464 8
1349 2
1298 4
1795 1
440 9
538 5
1576 6
1606 10
800 5
1949 3
1999 8
272 10
417 4
1077 10
1231 4
266 8
117 4
382 1
195 8
551 5
726 1
2010 8
649 10
1008 3
25 3
1273 2
627 7
1451 1
2030 2
602 2
655 9
913 7
987 10
1909 3
968 6
1902 6
509 2
1236 7
362 7
1328 10
38 6
204 1
1465 3
660 5
345 2
1823 10
1888 6
558 6
703 8
1197 7
532 8
201 6
1406 9
1588 9
966 5
1965 4
791 7
1889 3
1997 5
369 2
581 7
1439 7
1101 4
1513 4
1251 7
153 3
600 1
1279 8
1760 6
1338 7
2040 7
292 6
853 1
1032 9
437 8
1438 10
1916 9
894 3
788 7
1769 3
300 9
843 4
918 9
1018 5
1029 2
1357 9
1113 2
1327 2
1539 2
1483 4
46 4
1314 2
1646 9
1775 6
686 8
427 8
1187 2
399 3
876 3
1091 3
1345 8
1912 6
1861 8
20 7
495 4
259 2
1737 8
612 1
552 5
1747 4
2016 6
515 5
581 3
623 2
1895 8
1132 4
1427 10
295 2
1072 9
805 2
1781 3
309 1
737 8
951 7
1437 1
177 6
1474 7
1372 2
1804 2
459 5
811 1
1543 5
14 4
855 8
814 9
1084 1
287 4
335 1
1638 3
1760 5
541 8
1232 6
1336 10
1184 5
1522 9
1298 7
444 7
164 6
626 1
1504 9
1363 3
1718 4
2038 4
387 6
1125 8
1444 3
1553 2
1659 1
161 1
1802 8
1776 7
1739 9
731 1
1716 4
362 2
208 4
1986 4
606 9
691 4
721 1
1339 8
1636 3
130 6
1677 7
125 10
2047 10
1281 1
1477 10
1199 10
1317 9
25 10
122 10
968 3
141 10
235 7
1384 1
1198 7
222 4
1393 2
1538 3
1454 3
749 5
1104 1
1510 1
623 9
659 9
25 4
88 1
1232 7
1253 4
1650 4
1519 2
1287 4
561 1
116 9
661 9
668 9
751 2
776 9
826 4
1140 7
1163 4
810 9
1280 3
1757 7
74 8
98 5
748 7
1187 1
1277 8
831 10
992 5
1068 6
1738 6
1490 3
146 8
1800 6
1990 1
651 9
951 5
1049 4
320 9
788 7
863 10
1086 2
1144 4
766 4
1180 5
200 7
218 9
860 7
1126 4
1208 6
671 9
312 8
1359 9
692 2
1594 6
149 8
1201 3
156 1
1201 4
184 7
1479 1
50 5
1685 7
526 4
1629 1
1893 1
2022 4
491 1
791 10
1086 2
883 10
2036 1
1495 7
392 9
964 5
1051 6
1864 4
346 5
1411 9
1925 8
403 5
1505 1
1880 2
564 1
569 5
1115 2
1630 8
1707 8
386 9
1454 4
1169 1
242 9
656 6
1727 6
127 3
2023 9
876 7
405 1
1717 9
1420 9
1664 6
1904 9
2034 9
656 9
1027 4
1645 3
100 4
807 9
1176 9
1331 2
1659 9
267 4
1039 2
1562 7
1154 2
868 4
635 7
1856 1
2007 5
1048 5
1095 1
316 3
1911 5
1311 5
770 1
1115 1
1002 5
1084 5
1256 3
9 3
1238 4
1161 5
469 6
652 5
915 3
1299 4
1080 9
1360 3
1758 9
33 1
1707 4
1846 9
1632 8
1829 4
350 2
426 4
781 4
1359 5
1610 5
1426 3
1595 1
160 6
581 10
1097 4
1678 10
38 6
1284 6
391 9
1143 4
315 2
1038 6
1954 2
1841 8
790 10
1766 6
1229 4
1050 6
1513 9
1235 4
496 2
1669 9
1982 5
305 2
930 7
1001 4
1518 5
1304 7
515 5
1258 3
1241 10
205 4
1104 10
1332 10
1862 7
1391 10
544 7
1000 2
1885 6
52 8
298 5
530 3
1638 10
1281 4
822 10
245 4
1622 4
943 5
1054 1
356 1
1931 5
779 8
103 4
1108 4
1725 7
1904 5
111 5
154 9
251 5
312 1
873 1
1746 9
745 3
994 1
2036 5
90 6
1042 5
1110 10
1271 5
1430 5
1546 7
1078 9
614 6
130 8
118 9
2009 10
1153 6
1467 10
1597 10
1701 6
1713 5
289 6
1410 3
1855 4
155 5
318 5
943 6
129 9
1096 5
568 7
1910 9
1075 9
1228 1
321 6
1854 6
1589 8
1767 10
611 9
1078 5
1354 9
1596 7
1071 1
1342 3
2046 8
1961 6
32 3
858 2
909 7
144 3
1046 9
1139 7
1016 6
1315 4
1964 4
183 7
1883 7
1400 9
1688 2
1751 6
338 6
1127 5
141 9
1074 9
1438 7
595 4
1880 8
555 7
1762 10
1792 2
1812 4
1641 10
822 5
871 5
863 1
453 9
2040 4
646 7
1703 3
1779 5
1960 6
1057 8
1296 4
1684 3
1022 10
1094 7
1649 7
1826 3
1683 2
2010 4
458 2
764 5
1042 1
1107 1
1528 2
1028 10
920 9
3 6
239 9
497 2
677 5
1019 4
1431 5
1613 5
27 10
90 8
242 7
565 6
654 9
1032 3
1778 1
242 5
1293 2
1514 7
350 10
525 1
934 3
1153 1
1226 4
1553 3
1705 6
1330 9
508 6
325 8
362 6
371 10
394 8
1717 7
1907 3
849 2
1867 4
928 2
388 8
1466 1
124 1
220 9
673 10
1159 4
1272 1
1353 3
1506 10
1774 1
1820 5
807 10
1832 1
869 6
1824 4
109 9
423 7
650 2
1769 5
562 2
366 7
2045 6
479 10
1881 1
842 9
854 6
1383 10
1796 10
1294 7
1026 9
527 1
1195 8
1392 8
1428 4
1546 1
1709 3
670 2
1977 6
1991 7
289 7
1339 1
813 5
120 2
458 10
848 10
1974 7
667 6
1108 2
1374 1
876 3
598 2
94 8
1104 4
159 2
1517 2
676 3
700 9
1613 5
781 6
651 7
187 6
248 6
27 3
945 5
1372 7
197 2
1805 7
1969 5
237 4
312 7
1072 3
1087 7
2021 6
432 10
692 3
1182 10
1580 7
1532 6
421 2
924 3
1681 8
30 1
182 1
895 1
1193 8
1491 7
1232 1
1839 8
335 10
658 10
751 7
70 3
1654 3
1919 3
1927 3
1370 8
710 2
415 1
1933 5
1342 1
1767 2
1863 1
832 8
897 4
1997 3
1045 1
1570 1
691 3
697 6
261 5
221 2
1892 5
1112 1
736 5
1514 10
1689 1
1939 9
471 6
1780 10
1613 5
360 5
166 4
130 5
1502 9
545 5
185 7
303 7
502 7
723 4
869 10
989 4
494 2
1990 9
1995 2
1619 8
1936 3
1039 9
1467 2
1524 7
224 10
2001 2
1727 6
190 3
1192 7
1982 7
1531 10
2037 5
18 6
260 8
1717 8
400 7
1298 1
1542 3
1916 7
1926 10
306 9
425 5
495 3
714 4
758 4
1276 1
1710 2
1444 9
1471 10
317 4
710 8
1377 9
1786 7
448 3
1499 4
1627 5
1357 7
1517 7
667 8
1610 5
460 1
677 3
665 9
778 1
1074 3
1648 2
293 4
1096 1
688 4
679 5
1975 5
87 10
536 10
1139 7
1456 4
633 7
1044 1
421 10
1233 2
1286 4
1580 1
1608 5
1847 3
844 5
1584 4
2007 9
346 7
504 3
1177 3
598 10
681 10
57 3
827 1
628 10
599 4
1026 2
1107 2
1571 3
2036 8
446 6
1767 4
402 1
159 2
1310 7
1832 2
2038 3
513 2
417 4
943 10
3 9
421 8
767 1
1150 2
2020 7
431 6
666 3
898 10
1164 1
338 6
728 4
131 2
1533 5
1111 8
764 8
1217 7
379 3
983 2
1554 6
1086 7
871 2
428 1
1819 1
641 6
1199 6
1549 10
504 4
588 2
269 3
1818 1
684 5
1778 5
1509 10
1031 7
966 10
979 10
1021 3
1173 3
1331 6
868 1
74 3
1973 3
215 1
526 1
833 10
55 4
200 2
1896 7
1144 6
2003 2
1697 10
621 10
1858 6
1903 6
99 5
1521 9
1556 6
267 5
1614 1
1778 4
17 2
274 8
304 6
323 6
591 4
1296 1
907 2
41 3
272 2
402 3
1454 3
1771 3
688 9
625 10
1589 6
910 3
1187 1
960 5
590 9
759 2
173 6
271 8
549 4
741 4
980 1
1258 5
678 2
512 2
1154 8
345 8
1064 10
1215 2
1620 8
292 8
97 2
1747 4
996 1
1363 10
1546 5
169 7
1985 10
1409 2
195 5
276 8
204 9
1618 5
1922 1
1015 6
1778 1
1813 2
871 9
1928 9
291 9
747 9
802 5
1224 2
149 3
1395 2
1264 9
113 9
1905 2
234 7
1228 9
58 5
879 7
1538 1
852 5
1188 2
1979 4
412 9
1040 3
1190 4
1266 3
1198 2
107 1
1462 9
1654 2
1020 10
251 8
742 5
800 4
1613 9
481 7
1317 7
767 6
1332 3
1957 4
214 3
309 5
704 8
1531 4
882 7
1789 8
1906 2
1998 1
355 3
489 6
1491 10
1413 7
2008 8
331 3
376 7
1358 10
1750 8
1375 3
1225 3
333 10
484 5
444 3
930 5
498 3
1869 1
1253 10
1903 5
887 8
261 9
308 10
708 7
1450 1
1458 5
550 5
1155 7
585 1
1564 7
880 9
1161 10
1747 9
788 3
90 5
2047 3
1316 8
1809 3
316 8
283 7
660 8
982 6
939 2
1956 5
370 10
69 10
1656 2
63 8
153 10
882 7
1116 10
2036 10
1024 1
1961 1
934 2
2008 8
671 5
752 8
992 10
1477 4
34 3
418 8
1905 3
1931 4
83 9
1218 5
1269 9
957 10
774 6
799 10
1135 6
1366 9
1635 2
1589 4
812 5
1936 2
37 8
155 7
786 3
1001 7
1043 7
1459 1
1631 7
1762 6
1976 2
845 4
271 6
870 6
701 10
514 3
1760 4
119 8
734 4
857 3
75 6
1901 10
1742 1
1071 5
1025 3
1290 5
1555 4
978 1
507 6
323 4
139 10
1823 6
839 10
1348 6
419 5
1652 7
32 9
174 4
1281 9
1404 3
1570 6
1666 10
11 10
1061 8
538 9
969 8
2015 8
1955 6
126 4
973 2
1706 8
1232 3
2000 2
1049 8
121 9
1159 2
1754 7
1308 5
825 2
1976 8
823 2
1792 1
397 6
3 6
285 4
508 8
338 1
1735 4
417 9
352 1
1183 3
438 6
588 9
1028 3
1020 5
339 2
548 4
1085 6
149 9
1005 5
1776 4
975 3
994 9
1280 5
1238 10
17 10
161 3
266 4
1031 6
1089 1
1267 8
1409 10
1893 5
1568 5
7 7
810 7
700 6
973 6
1616 10
1843 1
1094 4
981 3
456 4
993 5
1109 1
1280 10
1463 9
204 6
1948 3
588 10
269 3
199 7
1316 7
1434 4
615 2
1503 7
12 1
944 9
1366 7
1671 2
408 9
350 8
1874 3
947 8
995 3
638 2
656 9
1205 7
1110 6
1872 3
1956 6
1017 7
562 1
983 2
198 1
1924 7
211 2
431 1
1884 7
675 5
1894 6
1966 2
1083 10
813 1
1516 7
1989 3
1120 4
629 8
672 10
2011 10
28 8
2027 10
128 6
1372 4
1767 8
728 5
1661 1
1736 2
1927 9
414 4
965 7
1118 6
1136 4
1345 4
1607 8
1779 1
1257 1
427 6
746 2
2031 3
610 4
1060 6
1304 1
1681 5
832 3
422 7
1765 7
247 3
907 7
1948 7
320 8
1876 7
963 10
268 4
779 2
1399 9
335 6
1754 6
5 5
1222 3
1900 3
1517 5
1954 7
819 3
153 4
1957 6
1061 9
222 10
603 2
742 5
868 6
1477 2
1697 6
89 2
375 1
415 5
449 5
754 2
1591 3
170 8
1699 3
392 6
1081 2
1967 1
1484 2
145 7
861 2
1914 3
765 2
1497 6
1586 9
1654 2
1362 5
1471 4
952 7
1794 5
1971 2
1092 10
695 8
1026 8
1733 1
1868 5
955 9
1999 7
918 8
212 3
1641 3
1876 6
522 7
1058 4
1708 8
1675 8
127 6
1934 8
574 2
596 4
1330 1
1822 7
1237 9
940 9
1922 4
1665 5
216 2
1047 6
1614 6
311 10
74 10
917 6
2013 4
60 5
1437 6
1380 4
871 4
77 10
96 6
349 4
1371 4
1886 3
379 10
599 7
90 4
2034 10
474 2
826 1
1441 3
1560 10
1856 10
1989 10
41 4
923 9
1125 4
28 6
611 3
514 8
1694 6
520 2
1069 1
1198 8
1844 5
1598 4
1823 6
731 1
1908 1
752 7
1739 9
1757 5
152 4
1834 2
1277 7
1851 3
572 3
933 9
1052 4
1434 5
1431 8
316 9
1839 2
357 3
300 4
616 6
640 7
1776 3
1289 1
227 9
1129 9
737 8
1431 3
1903 1
2003 4
207 10
373 9
1694 3
203 1
1032 6
1383 10
1396 3
108 8
1761 9
709 2
568 3
1743 5
1648 9
1706 6
1242 10
478 7
280 9
497 8
861 5
983 2
1642 9
24 4
221 9
809 8
1040 8
601 6
1890 3
1324 5
185 6
219 1
1422 2
880 6
1477 2
1802 7
1702 9
181 7
52 9
547 3
1661 4
1020 10
455 1
877 5
1074 10
1673 7
752 7
1566 3
1358 5
203 4
638 10
1790 3
176 3
209 3
534 1
687 9
380 4
1391 1
1485 4
1559 5
566 6
512 7
1458 4
1359 1
112 4
1284 7
1575 1
1657 1
1897 4
1831 1
316 6
1271 9
1192 4
416 2
93 10
2039 10
741 10
1481 9
1875 7
1684 10
188 8
1144 1
893 10
1542 5
1736 8
684 7
867 2
360 6
1538 5
410 7
1016 3
1802 10
990 1
372 6
886 6
1880 9
1790 3
1260 9
2044 5
1042 9
1148 6
1491 8
1832 9
1088 2
710 9
898 9
128 1
220 8
1100 3
1102 4
1132 8
236 4
207 9
2 6
1967 4
91 8
151 5
224 9
1408 5
954 6
1088 4
932 1
1063 9
1514 9
1851 4
1756 5
146 10
318 5
133 3
3 5
521 7
1791 5
1611 1
1622 6
490 6
1318 2
1895 8
528 6
304 6
667 1
1663 2
1115 9
258 2
500 6
1138 8
1232 3
1398 4
1456 6
1475 8
1799 3
1853 2
2042 6
116 7
1568 9
1975 3
1153 4
1410 2
1532 2
182 5
1662 4
1300 2
1579 7
1476 6
1795 9
862 2
1675 7
1980 6
101 5
530 10
922 9
1328 7
1967 1
1455 4
441 5
602 9
2006 7
1063 10
103 10
827 4
148 5
524 9
1119 6
1975 7
1445 9
1637 9
1995 5
443 2
1506 1
139 5
1253 10
1543 3
1562 2
225 3
397 6
2015 8
324 7
873 5
985 7
1467 6
1554 1
1211 10
486 10
1189 10
1104 8
344 6
104 10
1127 10
1143 5
1559 4
641 6
1312 6
681 4
1870 3
1081 7
545 10
935 2
1883 7
2013 10
1690 3
88 2
1161 5
895 4
1170 4
999 8
905 7
352 6
984 6
1310 6
1582 8
1384 10
350 4
249 8
498 8
505 8
585 10
653 5
1320 5
1587 8
455 8
767 4
55 4
1570 8
743 6
890 9
1336 8
1572 4
143 7
1353 5
512 2
1750 2
1886 7
1199 6
345 3
173 3
56 2
139 3
1255 2
1288 4
1629 6
1860 6
585 6
476 5
1304 8
1297 1
1580 5
1848 5
556 6
1874 6
1618 10
263 4
1365 7
1887 6
1087 1
866 5
1838 4
204 1
1117 9
1176 6
120 1
1 10
1157 8
568 8
792 3
1391 3
1382 1
825 2
191 8
146 3
1181 4
1769 6
1264 9
1507 5
400 6
956 3
1683 7
1850 1
768 5
1763 6
358 1
605 3
1241 8
1592 9
589 3
559 4
594 3
1590 10
1640 7
1573 10
659 1
1471 5
301 4
1765 4
1400 9
1101 6
1041 6
105 7
140 2
1699 4
1413 2
1344 9
47 4
714 1
741 4
1876 2
1172 10
1231 10
481 3
1890 1
1940 1
1929 4
772 1
1474 7
1165 4
1073 9
434 7
1988 10
503 10
1072 2
1088 2
1137 6
1260 3
1534 9
1 1
1603 3
1786 5
1013 3
1088 6
1526 6
1405 5
339 7
97 6
723 1
1413 3
1892 2
1417 5
1005 5
791 1
10 7
484 9
1264 3
1364 3
1414 1
1565 8
446 8
271 6
333 9
60 9
1821 3
1201 6
1371 8
1322 10
33 3
1782 7
1937 3
1942 7
1807 5
2029 5
1113 9
2028 5
1854 2
545 3
1862 8
1457 10
965 8
1278 4
1781 6
1530 2
1333 2
700 3
1471 2
657 7
1446 5
1012 4
611 9
528 1
1835 4
91 10
289 6
445 1
467 10
519 1
521 2
1639 9
1494 1
1939 6
1105 4
1681 9
863 3
1323 3
788 5
1984 10
607 10
102 8
1014 3
1576 1
1801 7
1752 5
455 4
512 10
719 9
1440 6
767 8
1248 3
193 2
1981 10
1234 10
55 6
327 8
1175 3
471 2
1605 4
1666 7
1830 10
1298 6
868 6
376 10
53 1
447 2
1551 5
1581 2
1718 4
1399 10
1489 4
697 9
236 9
454 6
964 6
1077 2
1134 9
1408 6
1018 9
1470 4
38 10
190 1
347 6
1401 6
1624 3
407 9
602 8
1968 10
311 6
321 9
1368 9
1535 9
1901 10
1877 3
488 6
313 4
1649 7
1798 9
416 9
1727 1
510 7
252 2
694 6
1781 7
830 3
1466 10
992 6
342 7
851 2
942 8
653 6
1151 1
1123 2
763 10
915 10
824 6
894 2
1302 2
292 6
145 6
802 5
1183 1
1943 5
1798 2
1043 9
823 3
771 4
1358 1
1681 7
698 9
256 4
72 10
283 3
883 8
1793 3
1606 9
782 3
1699 5
1335 9
1289 7
1145 1
1839 1
598 10
803 10
1421 10
1893 7
1690 8
743 9
595 1
1576 8
967 6
1861 2
201 4
1570 5
537 10
876 1
1374 10
1800 2
387 5
1452 10
632 5
1041 10
149 1
772 10
1823 2
88 3
975 1
700 5
1908 4
478 5
647 10
657 10
1207 8
2028 8
21 3
999 1
439 8
857 10
1066 7
1313 6
772 7
1245 4
1460 2
1637 10
1941 7
805 7
1436 3
197 7
1053 1
1810 9
442 7
1742 5
51 8
753 4
1840 8
88 1
1850 8
1457 9
406 4
502 5
1417 7
632 5
1759 10
329 5
1109 8
1119 4
1692 8
1771 4
1665 3
1317 3
863 8
1230 5
1879 10
670 7
473 5
1458 2
994 10
348 3
872 2
901 2
500 9
786 3
917 6
616 9
23 3
510 3
1513 4
1018 3
1630 5
1898 4
1948 10
403 9
523 8
664 7
1583 9
1031 6
1471 5
1087 1
1424 1
1860 8
1944 8
824 2
1135 10
230 8
1378 8
149 3
1707 6
914 9
1055 6
554 5
1239 3
1342 10
1447 6
28 1
758 10
268 9
1579 7
134 1
1084 1
401 8
101 9
532 10
724 8
1540 7
1254 2
1322 6
360 9
861 3
1658 9
1815 7
879 5
1476 6
214 8
822 9
126 7
155 4
273 6
1514 3
1787 6
459 4
982 10
555 9
1036 2
1382 9
1500 7
1554 8
1568 7
1733 4
1099 5
1034 1
1358 7
857 3
485 6
773 1
1312 5
1581 10
1738 9
308 5
1183 3
871 10
1110 6
604 2
1105 6
1275 1
1642 9
1416 4
918 1
154 5
816 2
1437 3
397 1
1479 6
130 6
336 10
475 8
604 2
645 4
1262 2
1438 6
1648 6
1253 2
1641 1
444 3
808 2
1644 1
1879 10
1645 2
508 10
218 6
303 4
644 5
2004 8
1975 5
1227 5
311 7
129 4
1606 2
1686 1
1975 5
1040 9
1658 9
26 4
286 9
378 2
1476 10
1693 2
875 2
1419 3
1204 10
1295 6
1537 6
945 7
1016 9
1881 3
1476 8
1492 7
1638 1
220 9
193 6
1237 3
284 3
1034 10
941 2
828 5
1486 7
390 2
945 5
1900 10
868 10
1739 9
1347 10
964 1
1250 8
476 2
1734 1
1812 8
1850 10
1758 5
921 4
1315 2
1172 1
1801 5
523 3
1545 10
924 2
1716 4
911 3
1813 3
398 5
412 4
948 4
1923 10
1524 1
670 8
1464 5
1768 4
1701 7
136 4
671 10
553 6
563 2
1936 6
965 10
930 8
230 2
745 8
835 4
1653 6
1927 5
1604 2
1583 7
1119 8
1149 10
1779 6
1510 1
1284 9
201 10
228 2
1337 3
1763 8
1367 3
1407 1
85 7
529 3
596 8
955 2
1846 3
1719 10
