512
0 8
8 3
11 4
15 5
20 4
24 6
30 9
39 8
47 8
55 6
61 7
68 9
77 8
85 7
92 5
97 3
100 5
105 8
113 5
118 4
122 5
127 5
132 10
142 6
148 4
152 4
156 7
163 4
167 4
171 8
179 9
188 9
197 5
202 8
210 8
218 11
229 6
235 5
240 6
246 4
250 7
257 6
263 6
269 4
273 8
281 10
291 6
297 5
302 8
310 6
316 6
322 7
329 4
333 5
338 7
345 9
354 7
361 9
370 5
375 5
380 3
383 8
391 4
395 6
401 5
406 9
415 4
419 6
425 8
433 8
441 6
447 4
451 5
456 7
463 6
469 4
473 8
481 5
486 6
492 6
498 4
502 10
512 7
519 4
523 4
527 3
530 7
537 5
542 5
547 8
555 4
559 3
562 8
570 5
575 6
581 6
587 5
592 6
598 5
603 3
606 5
611 7
618 7
625 3
628 6
634 10
644 7
651 9
660 8
668 5
673 7
680 3
683 4
687 9
696 5
701 6
707 5
712 6
718 4
722 9
731 7
738 6
744 5
749 6
755 7
762 9
771 4
775 3
778 5
783 8
791 6
797 4
801 9
810 5
815 6
821 5
826 7
833 5
838 4
842 4
846 9
855 8
863 5
868 9
877 7
884 7
891 7
898 4
902 7
909 8
917 7
924 7
931 6
937 6
943 8
951 4
955 6
961 6
967 4
971 6
977 6
983 7
990 5
995 4
999 6
1005 6
1011 5
1016 7
1023 7
1030 8
1038 5
1043 11
1054 4
1058 4
1062 7
1069 5
1074 7
1081 6
1087 9
1096 4
1100 5
1105 6
1111 6
1117 5
1122 4
1126 9
1135 4
1139 7
1146 8
1154 7
1161 4
1165 3
1168 5
1173 8
1181 5
1186 6
1192 6
1198 7
1205 5
1210 9
1219 7
1226 8
1234 8
1242 6
1248 5
1253 4
1257 7
1264 3
1267 7
1274 4
1278 5
1283 5
1288 5
1293 8
1301 8
1309 7
1316 6
1322 4
1326 3
1329 6
1335 8
1343 4
1347 7
1354 9
1363 4
1367 7
1374 6
1380 7
1387 9
1396 7
1403 6
1409 10
1419 2
1421 6
1427 9
1436 7
1443 7
1450 2
1452 8
1460 8
1468 4
1472 4
1476 6
1482 7
1489 4
1493 4
1497 6
1503 7
1510 9
1519 7
1526 3
1529 6
1535 5
1540 7
1547 2
1549 2
1551 2
1553 6
1559 7
1566 6
1572 4
1576 10
1586 6
1592 7
1599 5
1604 8
1612 7
1619 7
1626 8
1634 4
1638 3
1641 8
1649 5
1654 4
1658 5
1663 6
1669 3
1672 3
1675 4
1679 7
1686 11
1697 5
1702 3
1705 6
1711 5
1716 2
1718 5
1723 7
1730 8
1738 6
1744 7
1751 3
1754 3
1757 6
1763 5
1768 3
1771 3
1774 10
1784 8
1792 5
1797 8
1805 7
1812 3
1815 6
1821 7
1828 4
1832 6
1838 3
1841 6
1847 10
1857 8
1865 5
1870 8
1878 5
1883 7
1890 5
1895 8
1903 6
1909 9
1918 3
1921 7
1928 8
1936 6
1942 8
1950 6
1956 9
1965 7
1972 4
1976 7
1983 6
1989 4
1993 3
1996 6
2002 8
2010 5
2015 8
2023 10
2033 5
2038 7
2045 6
2051 8
2059 6
2065 9
2074 7
2081 4
2085 4
2089 3
2092 4
2096 3
2099 4
2103 6
2109 3
2112 8
2120 7
2127 7
2134 7
2141 5
2146 9
2155 8
2163 5
2168 5
2173 4
2177 6
2183 5
2188 5
2193 5
2198 7
2205 5
2210 7
2217 4
2221 7
2228 5
2233 5
2238 7
2245 5
2250 4
2254 5
2259 7
2266 6
2272 3
2275 5
2280 3
2283 5
2288 3
2291 4
2295 6
2301 4
2305 7
2312 3
2315 6
2321 6
2327 6
2333 6
2339 8
2347 3
2350 8
2358 9
2367 8
2375 4
2379 6
2385 5
2390 5
2395 4
2399 10
2409 6
2415 2
2417 8
2425 8
2433 6
2439 6
2445 6
2451 7
2458 5
2463 4
2467 7
2474 8
2482 6
2488 5
2493 6
2499 5
2504 4
2508 6
2514 3
2517 5
2522 7
2529 5
2534 6
2540 11
2551 6
2557 7
2564 2
2566 5
2571 4
2575 4
2579 5
2584 4
2588 5
2593 7
2600 5
2605 5
2610 9
2619 4
2623 6
2629 6
2635 10
2645 7
2652 5
2657 6
2663 6
2669 5
2674 11
2685 4
2689 10
2699 4
2703 5
2708 6
2714 7
2721 6
2727 9
2736 6
2742 3
2745 7
2752 6
2758 5
2763 8
2771 5
2776 7
2783 4
2787 8
2795 3
2798 6
2804 4
2808 7
2815 4
2819 5
2824 6
2830 11
2841 5
2846 7
2853 5
2858 3
2861 7
2868 6
2874 8
2882 9
2891 4
2895 8
2903 6
2909 4
2913 9
2922 8
2930 5
2935 12
2947 6
2953 6
2959 4
2963 3
2966 4
2970 6
2976 4
2980 9
2989 5
2994 6
3000 3
3003 10
3013 2
3015 7
3022 4
3026 5
3031 7
3038 5
3043 5

443

3048
353 2
453 3
161 1
134 1
213 2
372 2
377 2
429 5
71 3
96 5
108 2
299 4
211 9
258 10
271 1
439 9
397 8
73 6
187 10
450 8
364 2
429 3
146 4
303 2
444 1
494 6
417 9
397 1
96 6
424 9
268 2
397 4
181 10
17 5
162 10
198 5
288 9
304 9
369 8
16 2
185 10
284 8
49 7
131 9
134 9
205 5
367 6
340 2
374 1
40 9
62 5
69 5
81 10
108 7
408 10
280 1
169 5
101 7
132 9
288 9
441 7
485 2
341 9
279 8
244 2
177 8
187 2
316 6
261 5
58 3
68 7
54 2
186 9
249 4
459 3
487 6
497 6
318 4
28 1
82 2
28 2
36 9
255 7
318 10
352 5
70 8
105 3
362 7
88 9
306 5
382 8
458 2
342 4
159 2
238 1
264 8
416 8
248 10
231 6
480 5
7 2
396 9
105 2
216 7
39 8
440 10
248 9
6 5
502 2
55 10
146 8
347 8
462 2
82 6
298 9
129 6
175 5
292 2
240 5
44 3
448 6
337 4
125 9
178 1
197 5
395 1
445 4
318 1
169 9
63 5
123 10
299 7
490 5
421 5
94 8
322 8
71 2
97 2
106 7
385 7
507 10
511 4
364 4
136 9
443 3
33 9
258 10
365 3
110 6
181 7
116 10
117 6
269 5
188 5
371 2
244 8
477 7
409 7
146 6
393 3
104 7
138 1
423 7
273 1
215 10
475 7
45 3
12 1
176 3
12 2
39 1
443 1
282 7
411 5
202 7
88 8
169 1
293 5
312 9
309 4
290 4
466 10
152 8
156 10
232 6
423 8
468 6
500 6
440 9
171 8
486 9
306 4
272 4
377 9
446 1
461 9
488 3
361 6
410 1
236 10
376 9
421 8
23 9
347 9
443 8
411 6
305 7
310 1
344 6
495 1
263 1
486 6
421 2
413 9
62 6
252 3
301 7
452 5
109 6
509 2
35 9
35 9
83 2
167 1
199 1
313 7
444 8
482 4
508 7
12 9
343 5
489 2
145 10
194 10
195 7
395 9
234 8
77 1
362 2
419 5
365 10
195 6
76 3
82 4
399 3
408 10
28 1
16 8
444 7
236 5
8 9
271 6
145 1
510 9
68 7
85 1
194 6
69 8
332 1
304 5
65 3
474 4
495 9
235 5
119 10
155 10
155 3
270 4
388 2
76 10
367 6
405 8
471 10
19 3
437 5
229 9
140 10
269 3
109 9
290 7
391 7
153 7
349 4
27 3
57 8
87 2
151 7
275 8
375 4
424 10
475 1
173 4
440 4
253 8
78 3
130 5
329 7
315 6
130 9
280 9
198 5
373 5
288 7
403 3
257 3
161 4
168 3
316 2
456 1
506 10
7 7
212 7
437 4
108 1
395 5
464 8
135 3
459 9
120 5
243 1
345 10
479 8
124 10
78 4
140 2
171 1
143 1
249 3
435 2
114 6
318 6
427 2
370 10
354 3
318 5
170 6
254 1
481 10
11 2
125 8
76 8
92 1
113 2
393 3
434 4
17 10
354 7
189 7
275 9
215 5
352 5
421 1
487 7
511 7
200 1
93 8
66 8
144 9
145 6
319 3
404 3
70 1
45 8
89 8
98 4
161 9
311 2
325 5
371 8
381 9
11 3
369 8
419 5
266 5
153 2
444 5
372 9
215 4
248 4
328 3
378 10
432 5
90 3
298 4
489 1
339 5
65 5
230 6
297 4
358 9
395 10
107 9
34 6
105 7
8 5
21 5
77 5
113 2
89 10
267 5
414 3
444 2
458 1
280 4
353 6
419 6
41 3
429 10
280 9
183 9
61 5
396 7
434 8
490 7
493 2
56 8
205 2
189 5
493 2
229 10
424 10
106 2
236 2
222 3
257 4
11 7
447 4
40 7
170 9
196 1
225 7
359 7
505 1
41 8
445 2
333 7
8 5
113 2
201 9
392 4
436 9
13 8
57 1
481 3
192 8
494 7
187 9
1 3
22 2
390 1
488 7
391 2
229 4
389 2
293 2
422 9
220 1
423 8
3 6
129 2
238 9
359 10
383 5
203 6
279 4
288 3
200 3
289 2
478 10
264 5
238 1
355 3
360 4
38 3
43 10
301 10
259 4
214 5
54 8
284 1
336 3
63 5
392 7
37 1
199 8
395 3
51 4
148 9
46 3
197 10
166 4
324 10
403 9
303 2
308 6
182 3
182 10
498 2
231 4
199 5
174 10
420 7
201 8
490 5
8 10
87 6
117 6
271 4
344 2
353 4
421 8
452 1
12 2
18 6
38 4
143 6
489 3
204 6
438 3
177 9
130 2
35 2
135 8
101 9
368 2
120 2
206 10
466 1
40 1
300 2
301 10
364 10
157 2
323 8
370 5
401 4
455 6
45 2
139 4
81 6
166 8
437 10
393 9
13 9
29 8
305 8
499 8
57 8
329 8
202 6
63 10
253 5
361 10
363 9
450 1
445 6
60 3
271 1
285 2
495 3
352 5
486 4
54 1
201 6
357 1
197 5
163 3
187 10
396 8
510 5
56 8
444 4
325 5
252 7
384 5
22 8
130 10
500 9
455 5
255 1
500 3
230 2
253 8
459 4
133 6
204 7
318 7
1 5
5 6
161 2
223 10
383 2
326 10
22 2
213 10
165 1
297 5
328 5
289 7
57 4
162 10
250 10
397 6
239 10
201 8
323 3
120 10
325 6
140 10
292 3
459 1
84 9
9 7
170 4
377 9
104 1
337 3
426 2
476 5
231 2
228 9
310 1
326 2
342 7
422 10
231 9
283 10
393 9
101 1
26 7
340 3
445 8
261 4
430 6
13 3
16 2
62 7
494 2
131 4
421 10
136 6
289 8
382 1
423 4
67 2
242 4
22 7
161 9
356 9
436 1
468 7
62 9
492 9
463 3
396 9
107 9
107 9
304 6
305 7
368 6
1 2
49 1
238 1
211 4
412 6
8 7
164 6
470 3
35 6
476 5
44 9
155 6
455 5
24 6
287 9
393 1
233 5
297 10
376 8
403 1
129 7
415 10
264 2
332 5
234 2
284 1
415 6
63 2
381 1
465 3
54 2
69 2
266 8
295 8
339 3
498 10
52 6
176 7
234 8
147 7
404 7
355 6
178 2
191 2
238 2
246 4
458 3
429 4
24 10
123 5
357 10
390 3
362 9
81 6
24 6
247 7
144 6
458 4
362 5
427 6
379 2
262 5
42 10
185 10
418 6
142 1
493 5
124 8
162 6
491 3
497 9
100 10
258 2
50 5
84 2
411 6
332 5
438 8
392 3
151 4
281 2
334 2
216 1
448 9
476 9
491 4
154 10
145 3
489 1
116 5
297 10
21 10
235 3
400 10
472 2
51 10
195 5
119 8
227 3
221 2
235 7
382 9
20 9
54 8
283 6
206 6
404 7
189 7
229 5
287 7
453 7
478 8
227 3
265 6
492 1
141 2
387 2
230 4
280 6
187 6
481 3
322 3
299 1
73 2
111 7
204 6
18 6
412 2
234 10
150 7
494 3
47 9
83 2
94 10
46 5
452 1
179 4
105 4
7 9
366 10
339 8
289 7
220 5
388 5
9 9
142 2
243 10
294 3
333 7
453 8
163 1
95 6
478 4
150 1
224 8
279 8
7 9
0 1
427 1
325 1
434 9
50 3
83 8
150 8
150 6
230 9
23 9
105 6
199 3
323 7
140 10
293 3
402 9
228 2
325 3
219 6
268 10
511 8
227 2
26 1
458 3
294 9
87 4
300 10
220 3
433 2
44 10
51 2
100 10
485 10
502 6
136 10
188 4
376 10
500 5
127 2
280 1
396 1
455 4
341 9
209 7
237 4
455 1
119 1
287 7
373 4
132 2
312 5
82 6
210 1
428 3
51 1
221 5
251 4
314 9
407 9
410 8
231 1
56 9
117 6
172 5
335 4
428 7
442 7
40 1
122 3
36 10
231 6
56 6
379 4
481 10
26 6
178 5
17 8
4 4
284 10
279 5
311 9
235 5
114 7
204 10
366 1
78 9
149 2
188 7
159 1
215 8
216 9
403 5
148 2
189 5
317 8
393 10
326 3
239 9
336 5
439 1
135 8
135 6
133 1
129 7
173 1
244 5
299 3
121 4
414 5
45 7
235 5
262 1
269 4
334 6
180 8
30 8
501 4
260 3
338 2
370 10
45 7
58 2
303 3
361 8
203 9
393 1
122 10
194 7
320 2
318 5
199 2
298 2
446 6
487 5
42 10
42 3
109 6
354 10
259 7
239 8
30 10
168 3
277 3
311 2
474 5
86 2
207 3
286 1
333 2
341 1
350 8
195 4
391 6
458 10
14 2
452 3
472 1
148 1
286 10
233 9
380 8
214 5
209 3
245 3
418 9
501 10
0 1
96 2
106 9
57 9
472 7
48 4
437 5
98 10
6 10
119 6
489 2
219 3
133 1
249 2
92 3
377 1
415 8
451 1
108 6
252 6
315 1
469 5
97 1
358 7
330 9
345 7
322 6
509 2
472 2
477 10
87 8
78 4
414 9
424 10
35 1
483 9
326 4
283 2
383 3
394 3
183 8
48 3
226 10
156 3
274 5
280 8
403 6
9 5
21 9
29 1
309 2
461 5
275 8
283 3
488 2
68 9
101 4
226 5
53 6
288 7
31 8
51 1
418 5
357 7
402 4
424 8
213 6
349 1
363 6
375 10
476 4
352 2
338 6
476 9
144 5
46 4
242 7
150 1
224 5
80 10
193 8
178 3
314 7
241 9
413 7
479 9
18 5
342 6
279 5
326 4
439 6
28 3
114 7
243 4
271 5
363 3
260 8
356 9
83 9
499 9
10 8
365 3
316 5
498 7
20 1
115 2
146 5
174 3
300 9
228 4
225 1
351 4
410 4
367 7
130 4
428 1
228 8
152 8
198 10
227 8
267 2
361 8
6 10
24 7
452 10
370 6
352 2
460 3
208 2
79 3
324 9
79 10
221 10
268 1
65 9
168 8
325 2
238 9
236 2
309 2
365 9
298 7
323 4
7 10
119 10
473 1
382 3
366 5
492 6
261 10
339 3
452 5
431 8
306 8
11 9
248 4
128 6
92 10
3 10
10 2
70 9
331 1
393 7
25 5
148 7
406 2
140 4
290 6
320 7
364 10
366 9
55 7
66 5
149 5
125 7
464 10
211 10
385 2
384 6
472 1
223 7
248 3
115 2
230 5
396 3
70 8
342 3
274 4
396 10
427 5
174 8
312 7
266 8
246 5
275 9
376 7
412 3
474 9
154 7
200 7
36 10
40 6
485 3
38 6
124 5
158 4
445 2
36 7
399 6
479 8
68 1
457 3
239 10
389 5
436 3
78 10
92 5
199 7
20 5
267 8
226 6
291 7
180 10
6 5
47 5
401 3
325 10
77 8
80 5
136 3
154 2
197 7
35 1
225 2
321 3
431 8
56 1
194 7
483 4
74 3
225 7
293 5
378 8
81 8
92 6
99 8
419 2
69 9
456 4
390 3
486 2
29 7
89 6
452 4
468 10
249 8
247 9
212 7
389 6
74 6
153 9
336 7
311 6
323 9
374 1
129 6
82 6
95 7
463 6
147 10
66 2
7 5
500 4
234 4
125 6
454 1
84 10
225 3
253 9
463 6
509 3
157 3
372 8
295 2
182 2
297 6
315 7
261 10
275 10
286 9
507 10
160 3
287 3
427 8
141 7
143 1
459 3
276 8
288 2
353 1
2 9
108 4
189 10
394 7
231 4
49 7
202 7
231 5
271 10
368 6
97 10
454 6
468 6
171 6
0 2
300 2
426 5
429 9
76 5
160 5
257 6
413 1
333 2
500 8
223 10
301 10
27 10
59 4
148 8
55 5
227 7
491 9
403 4
16 7
148 9
337 4
121 1
424 5
447 6
384 6
406 5
335 4
495 2
345 7
340 5
433 6
239 8
162 3
137 6
261 5
288 4
480 10
73 1
132 5
139 3
494 8
360 7
397 9
464 1
475 5
143 5
124 2
307 4
182 10
321 5
67 3
243 3
325 2
350 3
408 8
431 4
190 7
312 4
96 10
214 10
290 8
308 10
360 1
490 5
504 6
133 8
173 5
422 3
503 9
178 1
199 2
206 3
68 7
200 7
333 8
483 6
168 10
170 5
348 1
274 3
197 6
417 7
124 3
126 3
138 2
180 8
215 7
468 5
492 3
137 2
178 4
457 3
179 8
420 9
102 9
284 3
392 3
481 10
44 9
67 10
72 4
125 5
487 1
360 5
399 3
95 2
191 5
127 4
135 9
460 10
61 6
15 6
80 4
102 2
103 9
144 1
145 6
212 5
211 4
298 7
461 4
239 5
30 6
110 5
297 9
159 9
484 4
336 2
473 7
37 8
112 2
114 8
129 10
316 10
267 6
205 4
330 3
443 7
42 5
147 5
123 3
296 6
124 7
151 5
376 10
32 10
67 2
183 2
39 5
338 5
457 6
428 9
373 9
141 4
75 1
108 1
183 9
73 9
14 1
115 2
444 4
400 1
99 10
156 8
219 8
232 5
149 9
196 10
427 5
462 10
19 5
358 7
323 5
396 10
436 2
174 9
319 3
420 9
106 4
173 7
446 5
294 4
506 9
476 8
176 4
50 1
222 3
132 10
391 7
363 7
440 5
10 2
150 5
25 8
427 4
335 3
160 3
331 2
392 7
193 5
304 3
115 4
268 8
373 1
411 9
117 7
202 9
328 8
428 2
265 4
384 5
419 1
15 10
17 9
186 4
496 8
468 8
190 3
59 4
267 6
425 3
163 2
202 8
11 4
51 3
456 6
270 7
431 3
308 9
98 10
340 8
143 4
483 10
263 6
322 5
365 2
446 7
93 7
34 3
164 6
380 7
399 2
46 8
95 8
206 9
89 5
458 9
457 1
484 4
374 8
53 1
94 1
12 7
482 4
316 1
48 3
214 6
67 4
507 5
450 6
489 7
2 10
120 2
354 9
23 10
482 10
268 10
477 6
76 4
156 7
288 2
397 9
423 7
322 3
152 3
176 8
407 1
314 3
11 5
104 4
208 10
331 6
219 5
185 10
352 10
262 3
444 2
492 8
118 5
261 3
418 7
469 6
151 1
466 6
34 1
498 2
251 6
484 5
290 10
380 10
478 5
75 5
111 2
14 8
323 8
344 1
298 5
247 4
126 6
487 4
371 8
407 10
454 5
467 3
58 5
193 8
113 8
277 3
286 6
391 1
471 2
197 8
234 6
248 6
180 2
63 5
301 6
368 4
6 2
258 10
246 8
182 1
357 8
137 10
306 1
351 9
25 5
44 3
368 3
151 4
409 8
42 4
249 7
40 6
176 5
90 1
2 1
81 4
212 10
315 10
474 3
389 3
31 4
493 2
339 9
281 10
27 1
464 7
398 6
277 8
192 4
226 3
342 5
486 3
168 5
55 9
169 8
208 10
193 9
45 8
478 5
210 8
312 10
313 10
266 3
156 3
273 8
427 9
329 4
301 10
375 3
10 8
74 4
134 8
175 5
146 5
336 5
339 3
9 1
47 9
64 4
65 9
128 6
141 1
462 4
168 8
336 6
420 7
454 7
121 2
395 5
502 3
358 3
272 10
29 7
458 5
385 4
103 10
125 6
504 5
169 3
167 2
285 3
7 8
146 10
112 1
76 1
228 3
283 3
90 2
159 10
157 1
266 6
208 9
415 2
110 9
142 7
209 3
374 5
440 2
125 7
432 3
48 7
74 3
170 7
210 2
259 2
9 9
219 4
6 9
98 7
132 7
105 8
408 1
74 2
335 8
30 4
188 6
223 8
44 7
263 10
387 4
451 10
328 1
197 7
345 10
100 3
18 2
310 7
72 2
29 5
200 5
136 3
435 1
442 5
242 4
406 2
132 3
138 9
348 4
113 8
207 2
387 10
235 6
321 9
400 10
123 10
208 6
233 9
110 10
97 5
61 4
410 10
438 7
446 10
472 2
18 9
61 4
231 7
265 5
154 2
407 9
184 7
433 5
2 4
322 4
21 7
150 3
128 1
139 10
178 9
488 5
350 4
85 2
213 2
429 6
435 4
76 10
86 10
267 6
278 10
34 7
450 9
214 10
480 9
452 4
482 9
79 2
153 3
4 2
456 7
352 7
316 2
41 5
246 3
492 1
107 6
6 9
341 10
386 1
33 7
107 7
88 8
442 2
31 4
186 8
13 5
268 1
314 9
338 5
221 4
404 3
359 3
79 6
250 9
346 3
223 10
355 8
417 9
30 4
169 2
184 2
462 6
407 1
499 6
338 2
320 3
402 3
434 3
292 7
33 1
102 1
509 2
354 3
362 10
441 6
448 3
57 2
146 9
156 2
203 6
485 9
193 7
223 4
276 10
29 9
142 5
501 7
357 6
385 6
276 10
368 5
414 3
35 7
364 2
174 7
260 3
143 9
306 9
314 4
314 4
440 1
47 6
208 7
271 10
164 1
510 9
177 5
234 10
256 1
303 2
10 6
48 2
379 10
397 8
149 8
447 4
324 2
416 4
502 1
509 3
12 4
21 1
52 6
53 5
154 5
438 6
12 10
95 7
417 5
241 3
56 3
450 8
154 2
489 2
188 7
309 3
415 7
411 3
479 4
222 5
296 9
329 7
492 9
470 7
199 3
406 8
432 1
22 8
128 3
299 4
251 5
259 3
165 6
136 7
240 5
264 8
99 3
203 9
86 8
184 4
428 10
182 9
317 2
476 9
337 8
78 10
363 6
93 5
100 6
137 3
183 2
134 1
57 5
222 2
198 10
496 2
97 10
149 3
167 4
175 4
387 6
102 2
457 3
387 7
442 10
332 5
380 4
247 8
291 1
97 5
447 10
59 3
350 10
389 5
89 8
278 4
321 7
409 6
46 7
476 6
165 9
341 10
234 3
484 1
261 6
245 2
187 1
41 1
112 5
120 5
404 7
327 5
455 5
69 7
214 2
225 8
132 7
492 7
157 2
373 7
398 3
121 2
151 6
414 3
411 5
478 9
245 3
217 4
466 8
144 4
289 8
357 9
374 2
486 9
203 7
279 5
280 6
399 8
76 3
233 2
149 5
346 4
387 2
444 5
216 4
324 8
101 3
19 4
467 9
172 6
236 5
309 2
152 2
492 7
306 5
478 8
61 5
131 8
272 9
113 3
279 3
185 3
8 2
104 3
218 5
250 8
466 10
425 1
415 8
447 7
10 9
141 9
330 10
157 1
304 10
461 6
14 4
175 6
192 3
274 5
356 5
102 7
353 8
346 1
459 2
36 5
353 10
351 7
368 4
350 8
467 9
498 6
403 5
81 2
264 1
33 6
165 7
218 7
50 10
291 10
308 3
336 4
342 1
33 9
17 8
378 10
452 1
226 1
403 2
294 4
45 4
171 1
415 7
402 4
158 8
300 4
222 3
343 8
328 10
475 9
343 7
178 4
268 9
91 5
172 2
181 2
261 10
303 7
55 5
12 5
362 3
0 2
210 1
342 8
343 10
390 9
64 6
81 4
53 3
55 7
155 10
258 9
310 3
437 6
438 1
75 3
115 6
407 5
453 9
308 8
378 3
477 10
342 5
106 9
498 3
176 9
440 7
92 1
171 7
268 8
312 6
116 10
335 9
427 1
416 2
471 1
165 7
240 7
281 3
401 8
440 2
61 9
462 8
464 6
307 3
73 10
68 7
508 8
468 5
220 7
223 1
456 5
75 4
229 5
32 6
153 8
180 8
89 10
13 7
117 9
118 5
352 3
37 2
310 10
176 3
324 6
243 7
171 6
89 9
4 2
23 4
86 10
313 2
188 10
38 10
177 3
184 9
251 2
23 3
131 10
185 5
147 1
509 4
188 9
367 2
490 1
43 6
179 7
7 6
426 5
366 2
84 2
269 3
313 5
343 4
107 6
267 4
212 6
58 8
461 10
6 8
484 9
52 10
181 6
504 1
86 5
463 2
152 10
454 3
25 2
57 8
403 8
401 1
265 8
59 9
207 8
0 2
406 9
450 2
142 4
237 9
246 1
506 10
47 5
333 7
409 4
8 1
254 8
287 5
203 1
335 2
45 4
278 3
171 10
399 10
32 9
235 10
140 10
193 7
110 8
101 9
31 9
504 4
0 2
163 1
483 8
493 7
60 10
347 10
355 3
456 1
200 8
404 3
118 2
316 10
145 4
160 8
263 10
252 7
327 4
445 3
113 1
504 9
57 9
185 3
13 8
124 9
105 1
449 7
96 2
73 5
167 3
190 6
217 6
247 5
93 5
282 4
189 2
312 6
22 7
426 1
502 2
483 9
441 7
508 4
304 1
127 2
290 4
326 6
327 7
336 2
295 10
492 6
132 5
42 2
427 1
72 2
272 3
328 5
473 3
202 6
196 5
71 1
353 9
476 3
116 3
201 3
449 7
72 2
243 7
44 7
266 1
158 6
504 6
77 7
121 3
245 7
228 3
69 4
412 1
26 3
88 9
110 1
149 10
103 9
153 1
54 3
187 7
211 7
395 4
167 3
37 9
77 3
281 5
394 4
49 5
20 1
61 10
504 6
16 9
107 9
141 1
192 10
240 10
65 7
92 8
191 3
497 4
3 8
5 1
6 4
259 9
220 9
316 8
98 6
507 9
273 6
418 4
333 3
457 10
195 6
336 8
375 10
252 2
38 3
229 3
296 10
417 7
509 3
123 10
238 1
198 3
358 8
371 1
481 5
86 4
171 4
309 3
136 9
349 4
48 3
79 9
344 5
348 2
371 8
168 6
215 4
110 1
148 5
501 6
125 7
307 3
332 7
378 3
56 3
114 7
43 8
477 10
188 2
217 5
294 2
372 9
447 9
321 8
451 9
466 3
260 1
298 9
309 1
355 5
265 10
449 2
429 6
143 9
289 1
484 1
222 8
38 10
8 10
486 2
26 7
270 8
329 6
373 4
464 3
469 4
32 1
297 10
178 4
143 8
470 10
475 2
29 5
33 6
120 6
334 5
246 9
320 3
437 1
108 6
129 2
193 3
392 1
471 7
34 9
214 1
465 7
174 7
151 5
313 3
334 3
425 6
166 9
63 3
444 3
111 10
164 8
286 2
320 7
349 7
340 8
112 6
431 6
357 2
510 2
445 4
14 8
317 4
476 5
5 9
400 7
226 7
318 5
308 9
119 6
171 5
262 7
398 4
160 9
461 7
58 5
201 2
64 6
247 1
37 5
228 9
280 7
80 7
241 9
22 5
34 2
105 10
32 8
81 8
55 1
224 3
72 9
102 10
73 8
259 7
30 8
26 7
105 4
67 10
167 10
171 8
45 10
5 9
216 5
470 3
340 1
414 6
449 2
450 7
248 3
367 5
213 5
385 1
101 2
440 5
472 4
52 2
118 6
134 1
192 5
209 8
239 5
278 9
357 1
388 1
244 4
484 6
143 3
179 1
236 9
247 2
323 10
144 7
4 3
65 10
116 4
407 6
213 9
300 6
0 5
450 10
104 6
186 8
415 6
199 8
249 3
222 4
60 5
321 1
287 3
511 9
139 2
298 5
218 6
504 3
65 8
54 4
134 9
309 3
503 7
51 2
300 4
293 1
484 5
241 2
106 1
196 3
492 6
69 9
44 5
49 4
354 6
161 5
506 4
411 1
87 10
318 6
120 8
297 7
82 3
354 1
3 9
175 6
149 1
448 4
448 9
17 10
31 9
46 4
287 2
358 2
356 7
314 1
243 5
426 5
386 7
310 6
9 7
489 7
327 10
144 7
305 2
293 5
448 5
449 2
23 3
29 1
33 8
490 4
234 7
492 7
5 1
39 7
59 5
64 2
93 4
238 4
414 3
336 5
261 2
35 8
69 2
90 6
104 8
195 2
416 4
20 4
380 3
242 5
297 10
154 6
251 7
31 1
68 4
317 4
328 10
406 9
340 7
216 6
19 6
439 4
310 3
439 9
442 5
121 9
390 7
407 2
425 2
442 2
382 7
257 6
301 9
372 2
425 7
430 10
319 8
3 8
89 1
486 10
456 4
465 3
164 1
406 9
290 10
510 5
130 1
159 3
181 10
202 4
302 4
34 5
81 1
185 5
347 1
506 2
0 3
355 9
132 8
125 7
206 1
213 6
265 5
370 3
280 7
94 5
141 4
141 1
332 5
109 5
86 6
201 4
249 6
303 7
360 5
378 1
48 1
450 4
196 3
228 3
236 6
398 10
326 3
253 1
64 1
138 3
253 9
282 5
13 2
158 10
115 3
117 4
494 3
50 9
95 4
210 3
100 1
11 3
342 2
230 10
181 3
508 7
169 5
369 10
418 7
31 9
341 6
231 4
476 2
280 4
309 6
239 10
358 8
17 2
496 10
107 3
204 6
370 2
490 9
206 6
189 10
273 7
409 3
358 6
49 8
465 2
220 1
481 9
113 3
413 7
464 2
483 4
450 3
30 10
85 1
335 8
340 10
262 6
406 3
502 10
343 9
337 9
504 10
265 3
202 10
213 6
227 5
248 8
359 5
30 6
106 7
491 9
262 6
164 5
409 4
321 7
424 3
410 10
504 3
487 7
108 3
412 7
43 10
357 1
266 2
159 1
161 7
166 2
190 1
297 2
426 4
123 2
185 1
389 3
233 7
501 7
157 5
484 1
41 4
271 3
193 9
27 7
220 5
350 9
410 2
45 1
497 6
102 5
109 5
122 9
172 9
324 9
329 6
390 3
416 5
242 8
461 2
171 4
26 7
166 10
405 10
258 6
355 10
126 8
133 4
334 9
275 5
338 8
74 10
263 5
196 8
50 8
500 7
320 4
174 9
302 9
219 10
15 5
70 3
128 3
401 5
145 10
228 10
53 10
464 9
256 4
258 10
35 4
302 9
505 7
508 5
167 9
200 4
251 10
386 9
465 4
225 6
377 8
489 1
233 4
263 5
408 1
427 6
474 1
369 9
253 4
330 1
435 5
10 2
140 10
194 3
311 9
31 9
34 6
274 3
450 10
201 2
91 4
408 2
335 9
229 1
265 4
470 7
11 6
55 7
154 5
300 5
31 3
169 2
71 7
36 2
61 1
82 3
162 2
320 2
483 1
122 1
441 7
257 7
22 5
81 5
443 4
463 9
65 7
223 5
366 1
506 4
122 4
215 9
468 9
506 6
119 3
107 9
185 6
227 3
304 1
321 9
333 7
338 7
436 6
261 8
443 7
387 6
126 1
119 5
272 2
377 7
66 2
65 2
503 2
5 6
70 7
105 2
220 8
129 3
458 3
91 3
33 1
41 9
217 2
248 8
325 2
462 10
396 4
475 6
11 6
119 9
263 2
356 3
113 10
79 2
343 6
177 7
177 9
309 6
511 10
88 8
94 9
205 4
214 8
479 7
500 8
500 8
94 3
30 6
140 5
152 4
312 7
473 7
160 10
403 6
17 2
140 6
281 3
385 2
317 1
466 10
224 9
493 2
434 7
283 5
370 1
377 4
381 9
395 6
467 10
470 3
433 3
223 6
391 6
68 1
482 7
242 9
373 10
437 4
490 4
491 6
452 2
48 10
257 5
397 9
22 10
208 10
359 8
386 4
460 7
482 5
35 7
35 2
310 2
366 4
400 3
317 3
206 3
165 2
40 9
416 2
315 9
451 5
92 5
499 10
22 4
137 8
432 9
55 7
