2048
0 7
7 5
12 9
21 4
25 4
29 7
36 5
41 5
46 4
50 3
53 6
59 6
65 6
71 3
74 5
79 8
87 5
92 9
101 8
109 5
114 5
119 3
122 5
127 10
137 6
143 6
149 8
157 5
162 5
167 7
174 9
183 11
194 7
201 8
209 8
217 5
222 4
226 6
232 7
239 4
243 6
249 8
257 7
264 2
266 8
274 6
280 7
287 6
293 6
299 6
305 7
312 7
319 9
328 3
331 8
339 12
351 6
357 6
363 6
369 7
376 8
384 6
390 7
397 3
400 6
406 6
412 7
419 7
426 3
429 9
438 6
444 7
451 8
459 7
466 6
472 5
477 9
486 5
491 4
495 4
499 7
506 6
512 6
518 7
525 6
531 5
536 6
542 5
547 6
553 5
558 7
565 9
574 7
581 7
588 4
592 7
599 9
608 8
616 4
620 4
624 7
631 9
640 6
646 6
652 8
660 6
666 6
672 7
679 7
686 3
689 4
693 4
697 5
702 7
709 5
714 2
716 6
722 6
728 11
739 4
743 10
753 9
762 7
769 4
773 6
779 4
783 6
789 9
798 11
809 5
814 9
823 6
829 11
840 6
846 9
855 7
862 5
867 6
873 10
883 6
889 10
899 6
905 7
912 5
917 4
921 6
927 9
936 3
939 8
947 6
953 5
958 3
961 7
968 5
973 4
977 10
987 4
991 4
995 5
1000 9
1009 7
1016 6
1022 7
1029 4
1033 7
1040 4
1044 7
1051 4
1055 7
1062 3
1065 6
1071 7
1078 7
1085 4
1089 5
1094 6
1100 6
1106 8
1114 5
1119 7
1126 6
1132 6
1138 9
1147 8
1155 5
1160 7
1167 6
1173 8
1181 4
1185 4
1189 6
1195 2
1197 6
1203 7
1210 6
1216 4
1220 5
1225 7
1232 5
1237 5
1242 5
1247 6
1253 9
1262 2
1264 7
1271 3
1274 5
1279 5
1284 5
1289 5
1294 5
1299 3
1302 6
1308 7
1315 7
1322 8
1330 6
1336 6
1342 4
1346 6
1352 4
1356 8
1364 6
1370 6
1376 3
1379 6
1385 9
1394 5
1399 8
1407 5
1412 7
1419 4
1423 5
1428 6
1434 7
1441 5
1446 7
1453 4
1457 5
1462 7
1469 4
1473 5
1478 7
1485 6
1491 4
1495 5
1500 6
1506 9
1515 8
1523 5
1528 6
1534 4
1538 7
1545 3
1548 8
1556 5
1561 4
1565 6
1571 7
1578 3
1581 7
1588 6
1594 9
1603 4
1607 4
1611 7
1618 3
1621 7
1628 6
1634 2
1636 6
1642 6
1648 10
1658 6
1664 6
1670 5
1675 4
1679 5
1684 4
1688 5
1693 7
1700 6
1706 3
1709 8
1717 6
1723 5
1728 6
1734 3
1737 6
1743 6
1749 7
1756 3
1759 7
1766 6
1772 6
1778 5
1783 5
1788 7
1795 6
1801 8
1809 6
1815 5
1820 6
1826 7
1833 4
1837 6
1843 5
1848 5
1853 3
1856 6
1862 10
1872 6
1878 5
1883 6
1889 7
1896 6
1902 5
1907 4
1911 6
1917 4
1921 7
1928 5
1933 7
1940 9
1949 6
1955 7
1962 5
1967 8
1975 6
1981 9
1990 3
1993 5
1998 6
2004 5
2009 7
2016 9
2025 7
2032 3
2035 7
2042 4
2046 3
2049 4
2053 4
2057 4
2061 8
2069 6
2075 8
2083 4
2087 3
2090 4
2094 5
2099 6
2105 5
2110 8
2118 3
2121 4
2125 6
2131 7
2138 5
2143 13
2156 7
2163 6
2169 6
2175 5
2180 2
2182 3
2185 6
2191 4
2195 3
2198 5
2203 8
2211 7
2218 6
2224 9
2233 3
2236 7
2243 7
2250 7
2257 4
2261 9
2270 7
2277 4
2281 4
2285 5
2290 6
2296 6
2302 10
2312 4
2316 3
2319 7
2326 6
2332 3
2335 8
2343 10
2353 9
2362 7
2369 6
2375 5
2380 8
2388 6
2394 8
2402 3
2405 7
2412 4
2416 4
2420 3
2423 2
2425 9
2434 6
2440 4
2444 10
2454 8
2462 5
2467 3
2470 4
2474 5
2479 9
2488 5
2493 6
2499 8
2507 8
2515 8
2523 4
2527 9
2536 8
2544 7
2551 7
2558 5
2563 3
2566 6
2572 7
2579 5
2584 6
2590 5
2595 7
2602 6
2608 7
2615 5
2620 8
2628 8
2636 7
2643 3
2646 6
2652 6
2658 5
2663 5
2668 7
2675 4
2679 6
2685 7
2692 5
2697 6
2703 4
2707 6
2713 6
2719 11
2730 4
2734 4
2738 6
2744 6
2750 5
2755 8
2763 8
2771 4
2775 7
2782 5
2787 4
2791 6
2797 6
2803 7
2810 8
2818 7
2825 5
2830 6
2836 10
2846 7
2853 11
2864 6
2870 8
2878 7
2885 4
2889 5
2894 8
2902 5
2907 11
2918 4
2922 4
2926 9
2935 6
2941 7
2948 9
2957 3
2960 6
2966 8
2974 5
2979 7
2986 5
2991 7
2998 10
3008 5
3013 7
3020 7
3027 5
3032 9
3041 6
3047 5
3052 6
3058 4
3062 4
3066 5
3071 7
3078 5
3083 5
3088 7
3095 6
3101 4
3105 5
3110 7
3117 6
3123 3
3126 7
3133 7
3140 4
3144 6
3150 5
3155 6
3161 4
3165 4
3169 6
3175 7
3182 4
3186 4
3190 6
3196 7
3203 5
3208 8
3216 4
3220 4
3224 6
3230 9
3239 7
3246 5
3251 5
3256 7
3263 5
3268 10
3278 5
3283 7
3290 8
3298 7
3305 4
3309 6
3315 4
3319 5
3324 5
3329 4
3333 6
3339 8
3347 7
3354 5
3359 9
3368 7
3375 5
3380 5
3385 5
3390 5
3395 4
3399 10
3409 5
3414 4
3418 9
3427 6
3433 7
3440 7
3447 4
3451 7
3458 7
3465 6
3471 9
3480 7
3487 5
3492 9
3501 8
3509 3
3512 6
3518 7
3525 5
3530 6
3536 4
3540 7
3547 5
3552 6
3558 8
3566 11
3577 5
3582 10
3592 3
3595 9
3604 6
3610 4
3614 6
3620 8
3628 7
3635 6
3641 6
3647 4
3651 3
3654 7
3661 5
3666 6
3672 8
3680 11
3691 7
3698 11
3709 4
3713 4
3717 8
3725 6
3731 9
3740 7
3747 4
3751 4
3755 7
3762 5
3767 12
3779 7
3786 5
3791 5
3796 2
3798 5
3803 7
3810 5
3815 5
3820 5
3825 4
3829 7
3836 5
3841 5
3846 10
3856 3
3859 7
3866 4
3870 3
3873 7
3880 4
3884 6
3890 7
3897 5
3902 5
3907 5
3912 7
3919 5
3924 4
3928 9
3937 5
3942 9
3951 5
3956 7
3963 8
3971 5
3976 10
3986 6
3992 7
3999 4
4003 6
4009 3
4012 7
4019 6
4025 5
4030 8
4038 5
4043 7
4050 4
4054 8
4062 7
4069 7
4076 6
4082 9
4091 5
4096 5
4101 3
4104 6
4110 7
4117 4
4121 10
4131 7
4138 6
4144 6
4150 7
4157 10
4167 6
4173 6
4179 6
4185 7
4192 2
4194 3
4197 5
4202 4
4206 6
4212 4
4216 4
4220 6
4226 4
4230 3
4233 11
4244 5
4249 4
4253 6
4259 4
4263 4
4267 4
4271 5
4276 5
4281 8
4289 8
4297 5
4302 7
4309 5
4314 5
4319 8
4327 8
4335 4
4339 7
4346 5
4351 10
4361 8
4369 3
4372 4
4376 7
4383 8
4391 4
4395 7
4402 7
4409 7
4416 4
4420 7
4427 5
4432 7
4439 2
4441 7
4448 7
4455 10
4465 3
4468 5
4473 4
4477 7
4484 4
4488 3
4491 4
4495 8
4503 7
4510 4
4514 7
4521 7
4528 4
4532 6
4538 8
4546 5
4551 8
4559 6
4565 3
4568 3
4571 5
4576 9
4585 3
4588 8
4596 5
4601 3
4604 4
4608 4
4612 10
4622 6
4628 7
4635 8
4643 9
4652 8
4660 5
4665 7
4672 4
4676 4
4680 7
4687 3
4690 7
4697 4
4701 8
4709 4
4713 6
4719 6
4725 6
4731 6
4737 4
4741 7
4748 6
4754 3
4757 8
4765 3
4768 9
4777 3
4780 8
4788 7
4795 8
4803 5
4808 7
4815 8
4823 5
4828 7
4835 5
4840 7
4847 5
4852 6
4858 9
4867 7
4874 6
4880 7
4887 3
4890 4
4894 5
4899 6
4905 6
4911 4
4915 7
4922 5
4927 3
4930 9
4939 6
4945 9
4954 5
4959 7
4966 5
4971 5
4976 3
4979 9
4988 7
4995 7
5002 7
5009 7
5016 8
5024 7
5031 4
5035 3
5038 7
5045 4
5049 4
5053 5
5058 8
5066 5
5071 6
5077 5
5082 6
5088 7
5095 10
5105 7
5112 5
5117 6
5123 8
5131 5
5136 6
5142 9
5151 7
5158 7
5165 6
5171 4
5175 4
5179 4
5183 5
5188 6
5194 7
5201 4
5205 5
5210 3
5213 7
5220 4
5224 6
5230 6
5236 4
5240 4
5244 3
5247 4
5251 4
5255 4
5259 7
5266 10
5276 5
5281 6
5287 8
5295 7
5302 6
5308 7
5315 7
5322 6
5328 4
5332 9
5341 6
5347 7
5354 7
5361 9
5370 3
5373 6
5379 3
5382 5
5387 5
5392 2
5394 6
5400 11
5411 6
5417 5
5422 5
5427 5
5432 7
5439 4
5443 8
5451 6
5457 5
5462 6
5468 6
5474 9
5483 7
5490 8
5498 5
5503 6
5509 4
5513 5
5518 9
5527 5
5532 6
5538 7
5545 6
5551 6
5557 4
5561 4
5565 3
5568 7
5575 5
5580 3
5583 8
5591 7
5598 7
5605 5
5610 9
5619 6
5625 5
5630 10
5640 8
5648 5
5653 7
5660 7
5667 5
5672 6
5678 5
5683 9
5692 6
5698 9
5707 7
5714 4
5718 6
5724 7
5731 3
5734 6
5740 8
5748 6
5754 9
5763 8
5771 6
5777 5
5782 7
5789 4
5793 2
5795 7
5802 9
5811 8
5819 6
5825 7
5832 4
5836 3
5839 5
5844 8
5852 5
5857 9
5866 2
5868 6
5874 6
5880 5
5885 3
5888 8
5896 6
5902 8
5910 7
5917 5
5922 4
5926 7
5933 7
5940 5
5945 11
5956 2
5958 5
5963 8
5971 6
5977 8
5985 4
5989 7
5996 6
6002 4
6006 5
6011 7
6018 6
6024 7
6031 7
6038 5
6043 8
6051 5
6056 5
6061 6
6067 7
6074 6
6080 4
6084 6
6090 3
6093 6
6099 5
6104 4
6108 4
6112 5
6117 7
6124 7
6131 6
6137 9
6146 4
6150 6
6156 4
6160 8
6168 6
6174 5
6179 5
6184 5
6189 3
6192 7
6199 6
6205 5
6210 6
6216 2
6218 7
6225 5
6230 4
6234 7
6241 5
6246 10
6256 10
6266 8
6274 6
6280 4
6284 3
6287 8
6295 9
6304 8
6312 4
6316 5
6321 6
6327 5
6332 4
6336 6
6342 12
6354 5
6359 8
6367 4
6371 4
6375 6
6381 5
6386 9
6395 7
6402 6
6408 8
6416 7
6423 7
6430 7
6437 6
6443 5
6448 5
6453 3
6456 4
6460 2
6462 6
6468 4
6472 5
6477 7
6484 4
6488 5
6493 5
6498 9
6507 4
6511 3
6514 5
6519 5
6524 7
6531 6
6537 6
6543 5
6548 3
6551 8
6559 5
6564 4
6568 5
6573 8
6581 6
6587 6
6593 7
6600 6
6606 5
6611 9
6620 6
6626 2
6628 6
6634 4
6638 7
6645 2
6647 3
6650 4
6654 2
6656 6
6662 8
6670 6
6676 8
6684 6
6690 7
6697 7
6704 8
6712 4
6716 6
6722 5
6727 7
6734 4
6738 4
6742 7
6749 10
6759 8
6767 6
6773 11
6784 9
6793 5
6798 7
6805 8
6813 2
6815 7
6822 5
6827 5
6832 5
6837 2
6839 5
6844 2
6846 8
6854 4
6858 4
6862 7
6869 3
6872 8
6880 5
6885 6
6891 7
6898 3
6901 6
6907 6
6913 6
6919 8
6927 3
6930 6
6936 6
6942 4
6946 6
6952 5
6957 5
6962 4
6966 6
6972 6
6978 4
6982 4
6986 7
6993 5
6998 5
7003 4
7007 3
7010 5
7015 4
7019 5
7024 8
7032 7
7039 6
7045 6
7051 3
7054 7
7061 5
7066 5
7071 5
7076 8
7084 8
7092 10
7102 8
7110 4
7114 6
7120 5
7125 4
7129 4
7133 8
7141 6
7147 5
7152 5
7157 4
7161 7
7168 5
7173 5
7178 5
7183 4
7187 3
7190 5
7195 9
7204 8
7212 4
7216 6
7222 2
7224 8
7232 3
7235 8
7243 7
7250 6
7256 5
7261 6
7267 6
7273 5
7278 7
7285 7
7292 3
7295 4
7299 9
7308 6
7314 5
7319 6
7325 6
7331 5
7336 4
7340 9
7349 4
7353 6
7359 3
7362 6
7368 7
7375 5
7380 4
7384 2
7386 7
7393 10
7403 5
7408 4
7412 6
7418 7
7425 8
7433 6
7439 3
7442 4
7446 5
7451 6
7457 5
7462 5
7467 7
7474 7
7481 7
7488 6
7494 5
7499 8
7507 7
7514 11
7525 7
7532 6
7538 6
7544 4
7548 9
7557 5
7562 4
7566 8
7574 9
7583 5
7588 4
7592 2
7594 3
7597 8
7605 5
7610 7
7617 11
7628 6
7634 6
7640 8
7648 8
7656 8
7664 4
7668 2
7670 6
7676 3
7679 5
7684 5
7689 7
7696 7
7703 6
7709 6
7715 7
7722 9
7731 6
7737 4
7741 5
7746 6
7752 8
7760 4
7764 3
7767 3
7770 5
7775 6
7781 9
7790 5
7795 7
7802 7
7809 4
7813 4
7817 3
7820 7
7827 7
7834 6
7840 5
7845 7
7852 6
7858 4
7862 4
7866 6
7872 6
7878 10
7888 6
7894 7
7901 5
7906 4
7910 10
7920 2
7922 4
7926 8
7934 3
7937 3
7940 4
7944 6
7950 5
7955 6
7961 8
7969 7
7976 6
7982 12
7994 6
8000 4
8004 5
8009 7
8016 4
8020 8
8028 7
8035 7
8042 8
8050 3
8053 7
8060 8
8068 6
8074 7
8081 5
8086 7
8093 7
8100 4
8104 3
8107 4
8111 6
8117 5
8122 6
8128 8
8136 6
8142 5
8147 6
8153 5
8158 4
8162 3
8165 6
8171 7
8178 5
8183 7
8190 6
8196 6
8202 6
8208 5
8213 8
8221 7
8228 5
8233 5
8238 4
8242 5
8247 7
8254 6
8260 3
8263 6
8269 8
8277 4
8281 6
8287 5
8292 9
8301 6
8307 10
8317 3
8320 7
8327 3
8330 7
8337 5
8342 5
8347 8
8355 5
8360 7
8367 8
8375 8
8383 6
8389 6
8395 6
8401 4
8405 9
8414 5
8419 3
8422 5
8427 6
8433 8
8441 7
8448 3
8451 3
8454 8
8462 6
8468 6
8474 5
8479 9
8488 9
8497 7
8504 7
8511 6
8517 3
8520 7
8527 5
8532 4
8536 4
8540 8
8548 4
8552 4
8556 7
8563 7
8570 7
8577 5
8582 6
8588 4
8592 6
8598 6
8604 8
8612 7
8619 6
8625 6
8631 6
8637 5
8642 6
8648 8
8656 5
8661 7
8668 6
8674 9
8683 4
8687 9
8696 6
8702 4
8706 7
8713 6
8719 4
8723 7
8730 6
8736 5
8741 7
8748 6
8754 5
8759 8
8767 6
8773 4
8777 5
8782 5
8787 7
8794 4
8798 4
8802 5
8807 5
8812 8
8820 5
8825 5
8830 3
8833 5
8838 8
8846 7
8853 5
8858 9
8867 5
8872 8
8880 7
8887 4
8891 6
8897 3
8900 6
8906 5
8911 5
8916 3
8919 6
8925 5
8930 4
8934 7
8941 8
8949 12
8961 8
8969 7
8976 4
8980 4
8984 9
8993 5
8998 6
9004 5
9009 6
9015 5
9020 5
9025 8
9033 5
9038 5
9043 9
9052 3
9055 3
9058 6
9064 5
9069 6
9075 6
9081 7
9088 6
9094 2
9096 6
9102 7
9109 5
9114 3
9117 10
9127 8
9135 7
9142 4
9146 3
9149 4
9153 5
9158 4
9162 9
9171 8
9179 10
9189 3
9192 5
9197 4
9201 5
9206 4
9210 6
9216 6
9222 8
9230 6
9236 7
9243 5
9248 6
9254 4
9258 12
9270 5
9275 6
9281 11
9292 10
9302 7
9309 4
9313 6
9319 7
9326 5
9331 3
9334 5
9339 4
9343 7
9350 4
9354 5
9359 9
9368 4
9372 7
9379 8
9387 7
9394 8
9402 7
9409 6
9415 10
9425 7
9432 7
9439 8
9447 9
9456 5
9461 3
9464 5
9469 3
9472 5
9477 6
9483 5
9488 9
9497 4
9501 7
9508 4
9512 13
9525 7
9532 2
9534 9
9543 5
9548 7
9555 3
9558 9
9567 4
9571 7
9578 5
9583 8
9591 8
9599 4
9603 6
9609 6
9615 3
9618 5
9623 7
9630 4
9634 8
9642 4
9646 11
9657 7
9664 8
9672 3
9675 4
9679 4
9683 6
9689 8
9697 7
9704 8
9712 6
9718 5
9723 6
9729 5
9734 6
9740 5
9745 7
9752 6
9758 9
9767 6
9773 5
9778 5
9783 4
9787 7
9794 7
9801 8
9809 8
9817 5
9822 11
9833 6
9839 6
9845 6
9851 9
9860 4
9864 6
9870 6
9876 6
9882 8
9890 3
9893 6
9899 6
9905 5
9910 4
9914 8
9922 5
9927 7
9934 7
9941 4
9945 8
9953 7
9960 6
9966 9
9975 5
9980 6
9986 11
9997 7
10004 6
10010 4
10014 7
10021 6
10027 9
10036 9
10045 6
10051 7
10058 5
10063 3
10066 4
10070 3
10073 8
10081 4
10085 3
10088 5
10093 10
10103 8
10111 5
10116 7
10123 6
10129 4
10133 9
10142 6
10148 3
10151 9
10160 9
10169 9
10178 3
10181 7
10188 7
10195 6
10201 11
10212 3
10215 4
10219 6
10225 9
10234 10
10244 7
10251 7
10258 4
10262 4
10266 6
10272 3
10275 5
10280 3
10283 5
10288 5
10293 6
10299 2
10301 4
10305 3
10308 6
10314 4
10318 4
10322 3
10325 5
10330 5
10335 4
10339 5
10344 2
10346 5
10351 7
10358 7
10365 2
10367 4
10371 3
10374 5
10379 7
10386 5
10391 8
10399 5
10404 2
10406 4
10410 4
10414 4
10418 8
10426 4
10430 7
10437 6
10443 5
10448 3
10451 5
10456 6
10462 7
10469 7
10476 11
10487 5
10492 7
10499 4
10503 8
10511 4
10515 3
10518 7
10525 9
10534 4
10538 5
10543 8
10551 6
10557 6
10563 10
10573 6
10579 6
10585 7
10592 4
10596 5
10601 7
10608 5
10613 7
10620 8
10628 8
10636 6
10642 5
10647 4
10651 7
10658 5
10663 5
10668 7
10675 6
10681 11
10692 6
10698 6
10704 5
10709 6
10715 9
10724 8
10732 9
10741 6
10747 8
10755 8
10763 8
10771 4
10775 4
10779 5
10784 5
10789 7
10796 3
10799 6
10805 8
10813 13
10826 5
10831 6
10837 5
10842 7
10849 6
10855 8
10863 8
10871 5
10876 7
10883 10
10893 5
10898 6
10904 6
10910 7
10917 5
10922 6
10928 3
10931 5
10936 7
10943 6
10949 9
10958 3
10961 7
10968 8
10976 8
10984 5
10989 3
10992 9
11001 7
11008 5
11013 6
11019 4
11023 5
11028 9
11037 6
11043 6
11049 7
11056 5
11061 6
11067 10
11077 6
11083 5
11088 7
11095 6
11101 3
11104 9
11113 8
11121 3
11124 4
11128 2
11130 4
11134 10
11144 4
11148 7
11155 3
11158 4
11162 6
11168 4
11172 6
11178 6
11184 7
11191 5
11196 6
11202 5
11207 6
11213 5
11218 3
11221 9
11230 2
11232 6
11238 6
11244 9
11253 4
11257 9
11266 7
11273 8
11281 8
11289 4
11293 7
11300 7
11307 7
11314 6
11320 2
11322 5
11327 8
11335 6
11341 12
11353 9
11362 7
11369 2
11371 3
11374 8
11382 8
11390 6
11396 4
11400 7
11407 3
11410 9
11419 4
11423 6
11429 6
11435 6
11441 2
11443 4
11447 4
11451 4
11455 8
11463 7
11470 4
11474 5
11479 6
11485 6
11491 9
11500 7
11507 9
11516 6
11522 9
11531 7
11538 5
11543 8
11551 5
11556 4
11560 8
11568 5
11573 3
11576 5
11581 8
11589 6
11595 7
11602 7
11609 7
11616 4
11620 5
11625 6
11631 6
11637 9
11646 5
11651 3
11654 6
11660 8
11668 10
11678 6
11684 5
11689 4
11693 6
11699 7
11706 9
11715 6
11721 4
11725 7
11732 7
11739 8
11747 6
11753 4
11757 6
11763 7
11770 4
11774 6
11780 6
11786 4
11790 6
11796 9
11805 5
11810 6
11816 9
11825 9
11834 3
11837 5
11842 5
11847 6
11853 7
11860 7
11867 7
11874 4
11878 8
11886 8
11894 3
11897 8
11905 5
11910 9
11919 7
11926 7
11933 7
11940 5
11945 6
11951 6
11957 4
11961 7
11968 8
11976 4
11980 8
11988 7
11995 6
12001 3
12004 7
12011 10
12021 7
12028 6
12034 6
12040 8
12048 6
12054 4
12058 6
12064 5
12069 9
12078 4
12082 5
12087 2
12089 8
12097 4
12101 5
12106 6
12112 5
12117 10
12127 5
12132 7
12139 6
12145 4
12149 8
12157 7
12164 10
12174 4
12178 4
12182 6
12188 6
12194 4

118

12198
1412 2
1815 3
646 1
213 2
429 5
532 4
1514 2
286 3
385 5
433 2
377 2
2010 9
1199 4
846 9
1035 10
372 2
600 1
724 4
1390 3
1743 3
1991 2
1756 9
1588 8
134 1
850 2
1459 2
1718 3
631 7
1164 9
1777 1
1977 6
1671 9
1589 1
646 2
1432 10
1914 1
1074 2
1588 4
725 10
957 7
1270 5
66 2
743 10
1138 8
1188 5
1699 1
1361 2
1499 1
271 1
1564 2
1120 1
676 5
1422 7
1941 2
1365 9
1117 8
977 2
1432 3
1859 8
1045 5
233 3
274 7
900 8
924 4
1483 4
1272 4
114 1
329 2
706 10
1691 9
1801 10
283 8
420 3
1450 7
1371 4
638 2
820 2
860 5
1337 4
995 10
925 6
73 6
187 10
450 8
609 5
1139 4
1400 8
1585 9
421 2
865 7
747 6
1066 7
1763 10
992 9
25 5
2009 2
851 1
941 8
1047 9
1569 8
1907 4
330 6
1194 9
146 4
303 2
595 4
951 8
1181 9
1961 5
963 5
177 3
1793 6
985 2
1726 4
500 9
715 1
424 9
1334 2
1735 3
1275 1
676 9
1078 2
1960 5
1687 5
376 8
1290 8
1766 1
1459 4
545 9
1772 3
132 9
96 6
553 8
557 1
884 2
982 5
1487 10
442 6
724 7
304 9
866 2
986 7
1555 2
17 5
1076 5
752 5
1486 2
162 10
288 9
1908 7
1638 7
584 6
1572 3
198 5
369 8
1216 4
1428 8
1092 1
860 10
1900 7
1456 5
1957 4
704 3
51 2
205 5
1539 2
1852 7
1772 1
1128 7
1646 5
810 7
782 2
1174 5
1507 8
1238 4
1161 4
1867 10
131 9
134 9
573 10
668 3
1044 10
1740 7
1762 9
685 8
1945 9
1224 4
49 7
367 6
1017 4
1056 1
1122 1
1764 10
1875 3
1445 6
1642 1
944 10
1507 9
558 6
728 9
1260 9
1389 9
1775 8
1647 6
62 5
721 1
832 5
1055 3
1112 8
1053 1
1945 6
1686 2
1655 9
81 10
108 7
408 10
1386 4
439 6
2039 2
142 9
40 9
69 5
49 9
1372 5
1958 2
288 9
1582 9
939 8
132 9
650 7
1297 5
1335 5
1461 10
782 6
307 3
101 7
441 7
626 3
691 8
112 1
66 8
1776 7
1489 5
35 9
1086 6
581 1
2041 9
177 8
1703 10
276 8
1331 1
1219 5
261 3
187 2
316 6
546 8
1998 1
941 5
479 10
621 10
730 1
862 6
1011 10
1012 10
306 10
1468 6
1749 5
919 9
563 10
1076 3
249 4
497 6
658 2
843 8
613 7
1399 4
111 3
459 3
1883 4
1943 6
693 4
1762 4
1013 8
487 6
707 6
721 3
961 10
1261 6
523 9
1120 9
54 2
186 9
995 10
1153 7
1615 3
1030 3
318 10
352 5
1036 4
36 9
31 7
850 7
1749 4
432 1
1682 10
540 3
1836 9
981 8
1051 3
1076 8
1187 5
1274 3
28 2
498 10
315 4
560 2
687 1
255 7
1582 8
457 6
1275 6
1711 2
1483 10
306 5
566 10
653 9
1084 6
1230 9
1419 3
1272 5
1705 4
47 2
503 8
382 8
458 2
547 6
885 7
1537 9
1708 8
69 10
1416 7
756 7
1102 9
88 9
664 10
673 8
777 2
996 6
1105 5
1426 1
1623 6
800 1
375 8
265 8
671 6
789 10
2042 1
283 1
180 8
358 8
615 5
1459 3
1724 2
1477 8
1676 5
1065 5
612 2
238 1
416 8
1778 5
1488 9
862 4
264 8
868 8
1228 4
1684 6
1514 10
1730 5
480 5
572 4
603 3
686 10
897 9
1180 2
1194 4
1956 1
1358 5
810 5
1218 3
1838 8
430 9
137 6
421 7
33 5
751 1
1751 4
1780 4
87 5
310 5
453 2
1778 2
1834 1
1121 4
897 1
997 10
1342 3
1719 10
1120 9
732 9
244 5
1249 6
2013 7
7 2
39 8
820 2
759 5
751 4
1304 6
1790 10
917 10
1698 10
427 2
945 2
533 1
608 6
1615 1
1788 4
163 7
680 9
55 10
1780 2
1332 7
35 5
347 8
947 9
1201 6
1262 6
1359 4
1926 3
768 8
1976 7
146 8
604 5
620 10
88 2
1562 1
462 2
1428 10
1845 8
1942 5
1972 3
1564 2
918 4
1557 2
1175 2
1247 3
1371 1
1988 4
2014 10
882 1
1694 8
15 6
518 2
175 5
1145 6
2008 2
812 6
1118 4
1153 3
129 6
1224 1
1418 2
1058 5
955 1
1421 3
292 2
926 8
1206 10
1038 4
858 5
219 8
615 10
1277 4
1343 3
1417 7
1983 6
1568 7
148 1
799 8
1582 3
930 6
592 9
186 3
791 10
1240 2
1614 9
1213 2
1235 6
337 4
924 4
798 5
698 10
445 4
1073 9
1089 8
1588 1
806 8
1961 5
34 10
395 1
917 3
1966 4
155 4
575 6
1958 3
197 5
727 9
1321 5
708 9
521 2
140 2
713 6
907 10
1025 9
1156 4
407 9
1475 2
554 4
1416 1
1446 5
1832 8
1864 1
160 1
299 7
825 10
926 9
1206 10
1456 10
123 10
1111 8
1393 7
1932 5
63 5
181 2
556 4
327 6
1235 4
71 2
1572 9
55 9
118 8
735 8
1353 2
1316 8
808 6
254 10
97 2
712 3
1781 6
241 3
385 7
621 10
771 4
918 3
1091 5
1983 3
1409 5
106 7
507 10
511 4
1013 8
1105 7
1623 9
1892 4
216 1
807 6
1431 1
788 5
834 6
924 5
1939 1
1776 4
1301 5
1008 7
744 4
1058 9
1075 1
1995 1
520 10
2000 9
1822 5
1337 9
921 2
1013 8
1837 4
258 10
365 3
1513 1
1516 5
23 6
646 2
116 10
595 8
703 7
1024 7
1631 6
1664 8
1714 2
1305 10
89 2
855 10
662 1
1172 6
1506 1
1565 1
1576 10
1158 7
229 4
117 6
1736 1
957 10
804 8
540 1
607 7
480 10
1301 6
534 2
969 9
1016 1
1773 9
2000 7
38 7
682 4
1510 9
419 1
545 7
791 2
1159 2
1274 1
1281 5
1906 5
926 2
244 8
1070 10
1371 1
1786 4
925 9
1133 10
530 8
824 6
1340 10
1553 1
104 7
104 7
1361 3
1782 8
1045 4
564 5
1886 2
2042 4
1977 2
524 4
1686 10
662 1
1252 3
1465 10
969 4
91 7
138 1
423 7
874 8
1258 5
1969 9
1855 3
1585 9
431 9
886 8
1078 4
1495 9
955 1
844 4
1649 6
34 7
672 8
803 1
1924 7
1907 5
176 9
1246 8
1150 9
1575 1
789 4
1880 6
45 3
518 7
1663 10
1057 2
39 1
1331 5
936 2
826 4
1639 5
1526 1
1863 3
217 2
277 2
1376 4
1443 5
1658 4
12 1
707 7
939 8
1740 1
1902 5
1422 6
714 2
1719 4
96 10
169 1
1277 9
1283 5
1932 8
1451 9
327 6
98 6
989 7
293 5
1171 9
88 8
1448 5
1709 6
1519 2
1048 5
312 9
606 9
1308 9
1529 7
1775 6
1949 8
742 10
1672 6
568 1
1973 5
1034 2
200 5
337 2
1644 6
152 8
156 10
232 6
423 8
1791 8
1803 5
1568 3
606 4
1127 2
1337 2
468 6
692 5
1512 1
1874 10
1882 9
1906 9
1965 4
617 10
500 6
846 4
1957 8
1982 4
465 5
1191 10
86 10
1629 10
782 5
477 8
910 3
377 9
1147 3
1637 9
1135 6
825 6
1618 7
446 1
1913 8
910 3
272 4
834 10
1436 4
1871 10
564 2
1551 2
461 9
488 3
731 2
814 3
934 6
1398 3
1632 1
1121 6
750 6
1925 3
1288 3
549 5
638 8
1010 7
1366 3
1689 8
1924 5
2047 1
816 6
74 6
1649 2
936 10
1730 5
187 5
1810 1
624 5
991 10
1011 4
1204 1
1318 9
1456 1
1765 5
30 9
1465 10
1357 8
421 8
517 5
1956 10
23 9
1159 7
881 5
1552 5
37 9
305 7
310 1
1053 2
1451 6
1655 8
1742 2
655 1
383 6
1915 4
344 6
942 9
1242 8
1119 8
30 9
3 1
1709 1
528 1
917 6
1394 2
1993 4
2045 5
334 8
603 8
602 6
495 1
954 7
1011 6
1184 7
423 6
799 3
1292 7
1267 4
1681 9
62 6
915 2
1303 3
301 7
1010 9
1786 6
908 2
106 1
1833 3
252 3
452 5
1020 9
1197 2
1425 2
1492 8
1721 8
1201 10
880 3
1734 2
887 10
1339 3
1481 3
83 2
401 10
1942 10
2010 6
544 10
167 1
199 1
508 7
591 1
1302 2
1123 1
1585 1
1822 4
1364 9
1429 5
1486 9
35 9
1148 7
1492 4
529 2
444 8
1649 3
2002 7
842 1
1715 3
205 1
313 7
482 4
925 1
227 9
470 6
195 7
489 3
146 10
925 6
225 6
1079 5
1796 5
145 10
712 5
70 8
18 4
1137 10
194 10
600 5
1061 6
1097 1
943 5
456 7
1421 6
77 1
597 2
755 7
898 5
917 10
1139 10
1322 4
1541 3
756 5
1270 8
1575 10
1304 3
419 5
2016 10
534 1
517 7
854 2
1781 9
1802 3
1657 5
182 7
362 2
720 8
120 8
2005 4
1041 3
520 5
1300 8
1980 10
1212 3
1446 8
399 3
408 10
1730 4
776 7
1281 2
1275 5
796 2
82 4
168 3
439 6
1418 10
544 1
557 8
773 4
1033 7
1044 9
1455 9
1036 7
959 8
120 10
1981 1
1897 5
346 2
1087 1
1596 7
1402 8
780 4
1393 7
1826 3
1962 3
1811 3
1888 1
593 1
1146 10
236 5
718 3
1028 10
1483 6
1939 5
85 1
1520 8
859 5
194 6
658 7
1026 7
1689 5
427 9
228 9
1891 7
192 4
1276 1
1993 6
394 10
25 10
476 6
1956 2
841 2
918 5
1404 9
68 7
997 2
369 3
1364 10
1661 8
1807 1
435 6
726 1
773 1
975 8
1300 9
1433 7
1321 9
1382 7
474 4
1889 2
1908 10
351 8
312 4
495 9
1122 9
1794 9
1698 10
140 1
1933 9
1304 4
155 3
732 8
193 3
904 10
624 3
759 6
1549 1
116 1
1238 2
1846 5
905 5
213 6
1154 7
1105 7
1354 7
2006 3
1675 5
1431 7
1611 4
1697 8
270 4
388 2
1639 9
1408 2
1354 6
1906 9
578 5
405 8
612 1
1765 2
970 7
602 1
623 2
2030 9
773 8
713 3
1257 7
471 10
771 9
73 5
1371 6
1119 5
1306 4
802 2
1837 6
109 9
974 4
1086 5
1454 3
1292 9
1957 10
19 3
1996 9
40 8
1463 3
1266 5
748 6
988 10
1090 8
1203 9
912 4
903 1
1712 4
1712 9
1469 7
523 4
1714 1
290 7
391 7
956 2
1183 1
57 8
794 10
911 8
275 8
375 4
1214 2
87 2
1810 10
1482 6
1411 2
1273 6
1593 10
151 7
832 2
317 3
1298 9
318 10
424 10
618 3
815 7
2022 9
1302 2
955 9
947 2
475 1
584 5
714 7
1424 2
1454 3
1239 2
1462 9
584 4
628 10
932 9
1892 1
1529 3
1466 5
1971 6
787 9
1579 1
2026 1
78 3
1724 8
1227 8
47 9
995 4
1558 4
130 5
369 10
15 10
41 2
281 9
329 7
742 8
797 10
1627 2
560 4
1161 6
198 5
503 7
1856 10
373 5
1590 5
1537 6
1891 1
894 7
593 4
657 9
1730 3
460 2
922 5
161 4
1371 3
1097 4
1587 10
1709 5
316 2
168 3
1248 7
1067 8
984 5
506 10
848 2
1683 8
800 7
146 10
160 6
456 1
1110 3
1684 7
1783 2
144 7
1597 6
1834 3
1917 8
274 1
1828 3
464 8
1704 9
798 7
82 5
1068 8
1221 4
1840 8
1892 6
2042 6
26 5
188 5
1607 3
1533 5
1866 7
140 1
903 2
395 5
659 2
1930 10
120 5
1933 4
298 3
610 2
1654 4
1677 2
279 9
1825 4
243 1
1496 4
1833 8
1811 4
1875 10
999 8
991 9
345 10
479 8
551 6
1325 6
1499 10
613 9
1347 7
331 6
380 7
1854 6
590 10
435 2
640 2
929 6
143 1
28 5
2003 4
1817 1
338 10
249 3
1611 9
1960 1
630 3
1491 8
740 4
1465 7
1883 6
1191 6
1263 7
1046 10
798 4
807 7
641 3
1148 3
1709 8
567 7
888 4
1836 3
1107 8
1153 2
1415 1
1111 2
757 10
1577 7
1170 9
811 7
926 5
254 1
708 10
1163 3
1392 7
170 6
1817 6
1873 6
685 6
0 2
647 3
718 3
1028 6
1652 1
1332 2
2002 8
748 1
2010 3
2033 5
593 8
221 5
909 7
1966 9
481 10
1268 7
1614 1
1940 2
92 1
594 9
1350 4
484 1
434 4
2009 10
113 2
1537 6
1624 5
393 3
1555 4
1673 2
1381 7
1361 5
1065 9
1930 9
76 8
959 8
650 3
550 6
881 5
1074 5
1977 8
1441 7
511 7
1771 4
215 5
575 5
497 2
1229 4
731 10
421 1
779 9
1466 2
1285 5
271 3
352 5
487 7
517 8
1215 4
1248 4
386 10
856 10
658 2
903 7
2044 5
532 8
693 5
829 6
145 6
825 3
272 7
800 7
319 3
1218 3
1395 1
1097 3
788 6
612 3
691 7
849 8
895 7
1752 8
1953 7
144 9
1873 5
1969 3
404 3
835 8
161 9
1829 3
716 8
1682 9
410 9
311 2
637 10
950 2
98 4
503 5
1951 1
381 9
1014 6
511 4
540 9
1841 10
244 6
325 5
520 8
1388 4
844 4
1194 7
371 8
1348 7
958 5
120 6
773 6
795 2
1387 5
11 3
441 5
1189 9
637 9
1936 4
1406 8
1266 10
1068 6
820 4
914 10
1040 4
1284 1
1800 9
493 3
1184 6
496 7
605 5
1731 7
159 5
1352 5
1831 6
1712 9
765 4
1215 10
1223 1
1492 9
567 4
248 4
1378 6
295 9
58 1
461 2
1776 4
1303 4
598 9
784 10
1709 5
328 3
1244 8
1744 7
1974 4
1433 7
1295 5
1584 10
1051 2
90 3
1745 2
698 9
1000 8
1437 8
1787 5
1179 4
2026 9
774 6
1055 2
1174 8
1973 5
201 1
888 3
528 10
1564 7
931 7
1660 1
65 5
230 6
603 5
102 8
1341 3
643 3
358 9
754 2
1425 6
1217 3
462 4
738 1
907 5
933 9
1802 7
1312 8
1714 2
297 4
395 10
607 4
906 9
1351 9
1413 3
1659 1
1984 8
1875 8
763 3
237 4
814 1
958 10
1338 1
1648 5
44 4
206 3
1827 6
684 8
935 2
1232 9
393 10
1363 8
627 2
1741 2
1775 2
575 4
1935 10
1672 7
1791 4
138 3
658 6
267 5
414 3
574 7
1037 4
1667 4
825 9
357 5
1834 9
89 10
1496 8
212 1
801 2
1017 9
1344 9
1706 2
1841 9
378 1
51 7
630 4
1160 7
1888 6
1931 4
1265 1
353 6
1800 10
270 4
2028 5
1803 6
419 6
965 6
1046 6
1416 9
95 10
1928 10
1073 10
809 6
859 7
1102 8
1155 2
1589 9
1694 7
705 8
1628 1
396 7
490 7
978 9
979 7
1179 9
41 3
1325 6
878 5
740 10
1410 10
434 8
1045 3
1675 7
1879 6
607 1
493 2
587 4
1716 9
1844 10
2036 10
1993 2
1004 6
1936 5
1065 7
59 8
1294 8
1619 5
1678 4
56 8
1195 5
990 4
504 6
1949 4
1065 8
1733 1
455 8
1110 3
1858 8
994 6
722 2
252 5
1205 6
493 2
1640 4
1807 1
985 8
729 1
1431 8
551 10
694 5
766 3
1474 3
604 4
257 4
1639 8
171 4
996 7
1113 4
1746 7
222 3
362 1
8 1
327 4
848 10
1713 1
225 7
1558 3
126 4
1973 2
1359 9
359 7
505 1
1002 7
1334 7
1461 10
1858 7
1595 6
598 5
1535 6
1626 4
1912 9
11 7
196 1
1371 5
1944 3
674 5
1802 1
677 8
835 10
774 9
180 8
1109 2
41 8
1249 10
1252 10
969 5
113 2
625 3
1094 8
661 7
1158 8
1708 9
1318 4
1204 10
392 4
201 9
585 5
1344 5
436 9
672 9
1849 4
673 8
1347 6
1680 7
695 7
1014 7
1179 4
187 9
1583 5
2010 3
1435 3
1090 10
1121 5
1834 5
1542 4
911 3
13 8
57 1
2018 5
678 3
669 2
605 3
1261 4
1482 4
449 1
305 1
913 3
733 2
915 4
1365 10
1133 3
360 2
488 7
1537 4
1915 10
1 3
631 1
1065 6
834 9
1663 2
584 8
1496 5
1761 2
501 7
36 9
876 4
25 9
568 4
589 8
963 6
420 8
1634 1
296 2
422 9
765 4
1411 5
894 8
179 7
1053 10
1549 4
527 2
614 3
1205 5
1314 1
788 7
555 3
402 3
75 2
359 10
579 10
870 1
1349 9
1961 3
117 5
802 5
547 3
1006 4
1195 4
1602 9
1626 2
529 3
553 9
1269 1
1280 6
1820 10
238 9
453 8
831 2
383 5
677 10
289 2
1285 9
1600 10
1855 3
2017 4
443 10
388 5
247 4
1640 10
798 8
932 8
1419 1
200 3
616 2
1628 9
739 7
1155 4
1582 1
1288 4
85 7
601 3
514 1
478 10
537 3
968 7
1220 3
1952 5
1402 4
343 2
852 2
591 10
744 3
137 7
1802 9
858 10
1563 9
1995 4
1922 9
1811 4
732 8
1526 9
1867 9
1897 4
18 2
1825 7
1409 7
360 4
842 2
1012 1
1300 10
1971 1
430 6
24 9
336 3
284 1
132 7
429 7
352 8
850 6
2044 7
43 10
52 5
1074 1
687 10
1603 9
38 3
1619 3
1437 3
1981 10
1992 8
1387 3
895 10
1538 4
1851 6
1629 1
1997 6
1355 2
1431 3
1559 6
63 5
1171 7
132 1
411 1
2038 2
668 2
674 4
937 2
953 7
1101 3
228 2
587 9
625 2
812 6
1517 1
1618 5
166 4
118 9
570 5
2004 7
1429 6
1472 5
1657 3
143 7
823 5
1042 7
1286 9
1040 3
573 9
1224 9
1257 4
1121 1
1203 4
1808 10
51 4
1087 10
657 1
324 10
1852 1
1953 7
1212 2
41 6
192 2
1444 6
1612 3
182 3
1789 4
1297 2
498 2
182 10
1755 6
48 10
383 7
1770 8
1812 5
964 3
225 3
586 9
874 10
1957 2
753 7
1239 3
1661 7
420 7
1173 7
1977 9
1319 7
1968 9
1881 7
796 3
1928 3
1006 5
1037 3
660 6
755 7
1032 2
1176 4
1827 7
398 3
812 9
344 8
736 4
1211 4
1351 7
1377 2
1485 6
1801 9
1906 9
1348 8
315 10
421 8
560 8
1462 5
537 1
230 5
889 2
792 10
1190 10
1578 10
1698 6
1550 6
410 2
353 4
452 1
1829 6
87 6
117 6
271 4
1548 7
1768 10
344 2
534 3
1348 9
389 5
1791 10
239 3
1050 2
1780 8
1805 7
12 2
1638 6
187 7
1905 6
438 3
757 1
781 10
1270 6
1776 6
18 6
1364 10
937 3
204 6
981 2
749 1
562 2
639 8
480 5
1619 7
1311 5
600 3
696 5
2020 3
900 8
529 7
1968 7
631 2
1673 7
135 8
604 6
1658 3
1644 5
1913 9
807 6
923 4
870 4
1867 8
579 4
1159 8
855 8
1366 4
1831 7
1906 10
2039 8
1597 8
304 3
934 2
598 5
834 2
1824 4
1903 8
120 2
407 3
79 4
206 10
610 2
1968 7
1227 5
1110 9
1615 5
1949 5
454 3
1119 3
740 3
594 8
1864 10
1700 1
1635 2
629 1
1217 10
576 4
1612 2
1424 5
411 7
1414 8
1306 2
300 2
1415 10
1406 7
1473 4
323 8
1615 5
327 2
1059 1
133 6
927 5
1203 1
1365 3
202 10
1166 10
401 4
543 9
1162 8
1330 5
157 2
1344 4
1368 1
370 5
617 2
1714 2
1859 4
1898 9
69 8
1514 10
455 6
1556 8
1615 2
1176 4
577 2
687 1
1663 7
437 10
1844 4
891 3
1374 8
1314 10
1079 8
1717 6
166 8
714 4
1072 9
908 10
1199 6
1810 9
305 8
222 5
48 5
1451 3
499 8
1560 9
256 6
326 4
648 6
655 4
1315 9
1601 7
1941 10
1241 3
1750 6
2031 2
1630 5
1813 9
1233 8
1513 3
424 9
1995 3
704 9
778 5
950 3
1146 1
253 5
464 10
1343 9
1708 1
1665 2
361 10
1963 3
57 8
1604 8
1761 2
245 9
749 7
292 10
272 7
2035 8
1875 5
363 9
450 1
548 1
572 2
746 4
1347 4
1542 7
1625 4
1672 1
285 2
894 1
1824 5
303 4
918 5
803 10
1154 4
722 8
357 10
839 10
1160 2
1231 6
1310 9
271 1
151 2
1241 10
847 9
955 1
1621 7
1299 6
975 7
685 6
359 9
1028 9
1253 2
753 10
1005 2
95 3
535 8
591 1
2037 4
755 9
486 4
1538 3
1593 7
31 6
1705 5
1467 2
1341 5
430 6
1071 4
851 6
163 3
187 10
1845 10
26 8
396 8
2018 1
346 5
1855 2
611 10
542 4
732 10
878 8
1652 5
231 8
1614 8
1607 1
1060 8
510 5
1449 9
1774 7
2 2
1626 9
1801 2
1360 9
1831 5
1901 8
987 1
2026 10
189 5
1334 7
384 5
617 2
889 3
1230 7
1254 4
813 1
1343 2
1674 5
56 8
180 4
1114 3
686 10
568 4
1091 10
1309 3
22 8
941 10
560 10
774 7
442 8
1175 10
2022 7
124 9
2016 4
1 2
655 1
745 6
1198 10
1364 10
255 1
1827 1
801 8
500 3
1267 10
581 4
567 5
623 6
955 4
1143 7
1478 1
1815 1
1983 9
204 7
1055 10
1008 7
1310 4
1083 10
1320 3
1460 10
2017 9
229 9
798 8
1497 3
54 8
498 9
420 1
1868 6
133 6
318 7
386 2
295 5
671 3
989 5
373 5
843 5
1718 7
1723 7
1790 1
1 5
758 2
1250 6
90 7
1231 1
1873 1
223 10
383 2
1934 9
1765 7
2035 4
1217 1
1296 9
1605 1
1738 3
1860 6
1347 2
1183 10
820 8
1494 7
297 5
171 2
1708 1
328 5
1315 5
1893 3
811 6
785 5
1243 6
1729 2
1905 3
465 3
806 3
1796 7
997 6
2025 1
179 7
1064 1
635 6
983 7
915 3
278 4
1261 3
1423 6
1666 4
1980 3
2035 1
250 10
415 9
613 1
217 3
750 7
776 10
801 1
1207 3
1524 6
1758 10
162 10
1582 4
669 3
397 6
525 9
613 2
782 1
1064 6
2007 10
199 5
81 1
247 10
2018 6
638 9
1106 2
1665 4
260 7
369 8
765 3
571 2
848 2
1523 5
881 9
1264 8
394 6
1442 1
1918 2
323 3
1675 4
1334 3
1829 10
964 8
1048 8
1725 7
1854 1
1503 10
1010 2
153 3
916 3
1022 10
1896 2
1671 7
2036 3
493 10
954 1
459 1
883 8
1185 9
1906 9
140 10
1926 5
345 4
292 3
1237 3
547 9
1396 4
943 8
1417 3
1901 9
673 6
861 4
443 1
593 5
1513 3
227 3
457 7
426 2
172 8
1910 10
966 1
1791 9
1284 8
84 9
337 3
1060 10
1796 2
1719 6
572 9
1189 10
1201 3
1945 9
1938 1
890 8
153 10
34 10
767 4
877 6
1495 4
1857 3
644 10
2015 3
228 9
326 2
712 4
575 8
422 10
614 5
649 5
1074 6
1467 1
1922 9
310 1
342 7
984 9
1281 3
587 7
800 7
1649 5
1690 3
773 3
1568 1
625 8
719 10
1845 8
1861 7
698 7
1492 5
1701 6
664 9
252 3
1861 9
393 9
1360 8
451 6
1727 6
883 3
2043 2
1783 4
58 8
1268 4
430 6
649 6
1598 1
1794 4
1945 4
907 7
1273 5
1235 9
975 8
1192 4
643 9
1844 7
1035 7
1140 4
1595 5
1883 2
101 1
257 6
989 1
149 5
819 3
1014 5
1685 4
1940 8
13 3
289 8
382 1
320 7
965 9
796 2
828 7
1587 9
16 2
62 7
131 8
324 8
221 1
641 2
1728 5
1750 9
897 3
289 9
410 10
1453 10
136 6
120 8
106 7
423 4
423 4
633 1
1202 4
1287 4
2005 9
356 9
182 10
20 9
867 5
1880 3
436 1
1190 9
1609 9
1799 2
1800 7
994 3
468 7
1010 10
1327 3
1776 7
853 5
1540 1
404 2
755 5
956 10
1771 8
1823 7
67 2
161 9
979 4
1938 6
843 8
1294 10
576 7
1764 9
305 7
852 9
1200 6
0 5
1048 2
1600 3
62 9
304 6
368 6
1801 10
416 6
1213 8
1845 1
107 9
799 8
997 3
889 4
1109 8
49 1
1284 1
1151 3
925 6
1283 10
1284 8
1 2
1193 5
874 6
470 3
698 1
261 8
216 4
537 9
1236 3
616 4
955 5
1701 7
164 6
204 2
1200 4
1174 1
639 4
1035 8
424 1
786 3
1968 6
279 9
455 5
1066 6
1457 9
644 5
2026 4
1646 1
349 10
1764 4
481 8
1188 7
329 3
1418 1
1720 7
1835 8
1914 9
1923 7
35 6
155 6
701 6
598 1
1793 4
670 7
1566 10
1886 7
1424 7
1258 1
975 5
1704 5
1006 7
1020 3
1866 8
233 5
1242 6
38 7
24 6
376 8
579 7
1221 2
1175 5
516 9
297 10
403 1
1962 4
936 7
1484 9
1640 10
1656 3
1345 5
1046 2
142 8
1978 5
80 4
1520 3
538 9
1124 8
1349 4
1190 10
619 6
1004 7
125 1
668 8
693 4
1451 3
1360 7
866 6
1317 6
1546 9
1242 3
1758 9
1770 5
485 9
1921 1
2035 10
284 1
1768 2
1531 7
762 3
1328 4
1809 6
1842 3
1276 8
15 8
359 1
1944 10
1027 5
415 6
1626 9
1163 10
738 4
1562 9
1586 5
138 5
326 1
741 5
1388 1
63 2
295 8
531 8
503 7
684 6
1207 3
339 3
1061 5
1481 3
1122 7
1196 8
1949 5
266 8
564 1
1329 5
436 5
347 6
498 10
679 1
899 1
1470 2
1660 6
1682 4
147 7
194 1
1801 4
889 2
52 6
404 7
1307 3
1015 1
54 2
635 10
461 3
468 4
545 5
1363 1
400 1
45 3
1370 2
594 4
1126 9
1808 10
191 2
726 3
2035 7
906 6
1470 9
238 2
458 3
127 9
1367 6
927 4
520 9
852 5
1118 3
246 4
956 10
1432 8
71 2
1323 6
1532 3
1795 5
1989 10
1963 9
824 6
739 2
1980 7
357 10
1434 6
196 8
1862 2
883 1
866 7
1919 4
123 5
390 3
1934 4
1801 3
1360 7
1048 6
1626 3
941 2
1884 6
1374 9
1348 9
2018 10
1062 3
986 1
1869 4
458 4
121 6
425 7
1967 9
928 2
1516 5
658 5
1638 4
1166 2
1487 10
1515 7
1642 3
1831 5
144 6
1643 10
2016 3
1950 7
433 3
640 8
1204 3
1250 3
1651 7
174 10
1428 1
1066 2
656 1
1291 3
1803 1
1189 2
1707 4
495 2
873 10
1678 9
934 7
2004 7
1391 5
1592 2
1939 3
1971 4
1938 1
165 4
1085 3
774 9
974 2
1509 5
1561 5
1584 4
1835 10
1929 10
882 5
1400 9
1642 2
183 1
531 9
1245 7
1738 8
162 6
1666 5
968 8
1847 2
685 4
497 9
552 6
769 5
894 5
1222 10
1269 7
124 8
1032 6
1420 10
927 3
983 9
1876 8
1100 5
1353 8
299 10
1052 5
1061 1
1356 8
1630 9
1899 1
42 10
202 8
2001 7
1282 4
699 9
491 3
1294 7
100 10
332 5
878 10
60 5
438 8
582 10
914 10
215 10
1859 9
143 4
1209 9
693 4
927 8
958 2
965 1
1374 6
2021 5
903 6
1509 8
1957 1
548 8
1881 6
216 1
1477 9
1012 4
1321 1
1743 5
727 7
990 1
1280 7
1419 4
1609 8
1752 5
448 9
777 3
1247 9
1885 9
805 2
366 4
1632 2
1340 9
46 6
222 7
619 5
666 9
891 1
915 8
1462 7
1727 9
1783 8
127 3
677 2
285 7
1052 1
1105 1
1693 4
145 3
489 1
489 1
1766 7
1031 7
1138 4
1171 3
260 7
892 5
1466 1
2025 4
993 7
1018 9
1187 4
1392 7
2024 6
2025 6
479 3
1099 5
1045 8
1773 7
1548 6
506 1
1181 9
1930 9
235 3
400 10
1511 7
267 2
262 2
1189 6
1740 8
1787 7
516 3
1832 3
544 4
665 3
993 2
472 2
135 1
166 9
871 2
655 10
1041 7
1770 9
235 7
1301 2
1851 10
1362 8
1700 7
221 2
1587 4
1900 6
44 6
476 9
1284 10
1661 6
51 10
382 9
455 10
317 2
1372 6
708 7
643 10
959 1
1695 10
1946 3
2044 10
352 8
785 5
989 7
1529 7
20 9
2001 8
378 3
122 6
561 5
1382 5
1776 10
287 7
642 10
1613 6
1108 2
1168 10
1574 8
1812 3
1540 2
1269 1
1865 10
729 9
1702 6
54 8
189 7
229 5
453 7
897 9
1972 2
1736 7
1858 6
1917 2
265 6
1734 3
893 6
1565 6
1460 9
1578 2
272 1
1931 7
919 8
1721 2
2014 1
492 1
1811 2
193 10
1604 5
1674 8
1891 1
1591 9
91 10
834 10
1260 7
1929 5
140 7
1071 9
1229 7
1271 3
827 3
661 2
640 5
1562 3
1261 9
1805 5
371 5
728 7
1272 9
1510 4
1755 2
230 4
91 4
549 8
1729 9
220 7
1774 3
1008 10
1355 10
1289 10
1707 1
2028 10
1921 2
549 7
1350 4
1275 2
1432 9
1558 4
299 1
592 8
1284 3
688 5
1101 7
1255 2
840 7
1550 4
746 5
1747 7
494 3
560 3
816 3
442 9
1788 10
150 7
131 5
1992 1
222 8
1666 5
871 10
1578 3
73 2
111 7
745 2
1562 5
1134 2
591 10
836 9
1280 4
1952 8
94 10
152 5
230 8
461 9
1604 6
596 1
1875 7
83 2
675 2
704 10
1941 3
1798 6
1219 7
1356 10
954 1
1999 10
711 9
1790 7
47 9
179 4
1344 4
1074 4
1085 1
1563 8
105 4
1345 8
1025 3
1585 1
1591 4
1485 3
394 9
1313 9
1103 7
1416 2
1648 8
1580 8
1163 4
2001 10
1421 9
290 2
1441 9
1186 6
1978 2
243 10
134 1
1586 9
770 4
831 9
1495 8
142 2
294 3
333 7
913 7
1125 10
557 10
1796 3
1844 1
103 8
748 6
902 1
453 8
671 2
475 9
1443 6
224 8
744 7
626 2
1664 9
0 4
1430 1
1192 1
1548 1
987 3
67 1
546 7
1439 6
1778 10
150 1
100 2
327 3
784 3
892 5
924 5
1108 2
1955 4
365 8
645 2
820 1
882 3
1999 5
1331 2
1529 9
1106 1
1480 5
325 1
434 9
1193 7
299 3
445 9
1379 2
1032 5
1321 7
1583 6
1758 10
1856 10
1193 10
1406 10
713 6
883 6
1243 2
1600 4
1604 5
2028 1
50 3
230 9
99 1
1359 9
1605 2
909 1
1333 1
1850 1
641 4
547 5
1101 4
1550 9
370 4
638 5
732 7
936 5
2042 7
1784 6
1101 1
345 9
1791 1
1136 5
1136 5
1796 2
140 10
1576 3
1262 2
155 1
494 4
23 9
101 7
559 8
1073 5
458 5
703 5
768 8
1208 8
1434 6
1974 6
992 6
533 7
41 8
1675 6
1877 4
293 3
402 9
1769 4
1738 10
54 6
541 5
1523 6
483 8
359 1
971 5
771 1
800 4
832 4
1518 5
1547 5
511 8
513 7
128 5
1889 1
759 2
1498 2
1591 4
219 6
1554 2
1633 4
1242 5
268 10
1184 2
202 6
629 8
802 8
1824 2
1256 6
476 6
1541 6
1409 6
294 9
924 3
968 1
23 8
1760 6
1680 8
84 4
1021 7
1784 7
1841 4
291 3
951 10
1334 1
1271 10
87 4
1072 4
884 3
1642 8
1966 6
811 7
155 8
23 1
529 10
1174 8
620 8
1130 7
1539 5
1658 8
2008 5
1513 6
32 6
1211 10
768 3
1211 7
1772 3
545 8
1143 1
1692 5
958 2
1622 5
51 2
188 4
376 10
516 3
324 8
1668 6
1224 4
1225 5
2045 6
500 5
1385 7
1840 9
1392 8
815 1
912 3
1986 9
1329 2
331 2
1683 2
2007 5
1959 3
44 10
1788 7
1063 7
1002 6
1990 10
127 2
455 1
658 3
104 5
1913 2
849 5
1030 6
1980 5
827 8
868 4
52 10
1698 5
1068 4
1286 6
209 7
237 4
618 8
1381 7
379 5
1983 9
607 8
946 10
1383 4
1386 5
119 1
288 4
375 4
1083 5
1486 8
1876 1
1541 4
1511 5
1275 3
312 5
942 6
2003 9
1465 4
723 5
996 3
1219 10
1328 3
1627 3
396 2
2037 10
927 3
1161 6
1277 3
1430 8
407 9
1654 2
60 4
359 2
1164 1
1100 8
1586 9
314 9
30 10
1853 6
1193 8
775 8
1167 10
1779 7
252 7
692 2
679 2
948 5
82 6
221 5
251 4
410 8
1615 4
1090 9
1735 5
428 7
341 4
1662 5
623 1
701 7
931 3
1227 2
1729 8
348 2
1099 1
1233 2
1497 1
1805 8
172 5
1674 3
1680 9
622 4
739 8
870 9
1151 9
1476 6
1548 8
335 4
442 7
1676 7
773 9
292 10
1849 8
1605 3
1679 1
1084 2
1170 5
1349 1
1783 9
40 1
379 4
1158 3
763 9
1721 9
967 8
677 4
889 5
979 5
481 10
2032 9
1534 7
1230 10
899 7
1131 3
1580 3
1680 2
1767 2
1265 8
1739 7
26 6
286 8
184 4
1665 5
183 5
1602 10
279 5
1752 6
1759 9
749 3
1435 5
1688 6
1916 2
319 9
1976 7
675 2
945 8
1835 9
311 9
411 7
929 5
1319 6
262 4
1532 4
1164 6
1779 7
1836 9
1839 2
1268 9
1796 6
767 10
288 8
1328 6
1717 6
1982 1
204 10
1650 8
1035 6
1418 8
1867 6
366 1
518 10
1272 8
300 10
140 1
1040 3
78 9
514 8
1963 6
617 9
1775 3
1200 5
1687 4
1772 10
159 1
215 8
403 5
1626 6
1792 1
1653 1
190 4
915 6
1043 6
1297 8
1585 8
216 9
339 8
1532 2
459 4
966 3
877 7
96 8
1548 1
18 4
690 2
720 9
1301 6
1600 5
1715 1
1943 1
1572 1
520 1
1500 8
148 2
858 8
864 5
950 7
1366 6
1332 4
1369 8
1887 8
1888 1
239 9
336 5
439 1
802 6
273 5
1980 10
1278 8
645 3
844 3
1934 4
1693 8
146 5
2 1
332 3
627 1
1547 5
299 3
1286 3
1172 8
1412 6
1367 4
1382 9
1683 4
1804 10
135 6
173 1
784 9
1957 1
725 3
618 8
1913 8
135 8
244 5
1667 8
60 3
1785 6
1879 9
269 4
334 6
1868 6
1135 3
1934 1
70 5
235 5
1956 5
283 3
1135 9
121 4
1172 3
118 9
262 1
247 4
567 8
99 7
862 10
1142 3
1273 6
67 6
1903 1
758 2
1680 8
1542 1
693 6
1400 6
15 5
1955 8
904 4
1919 4
338 2
1419 5
1831 10
1330 1
200 2
1272 8
1299 6
1703 2
370 10
755 1
1046 7
861 8
623 6
678 7
1112 7
1435 5
1458 4
1489 10
1570 7
58 2
226 3
172 1
750 3
826 10
1396 7
1536 7
45 7
203 9
393 1
2014 5
1453 10
394 2
1751 5
651 7
1062 2
1518 5
1777 10
410 5
290 3
1694 3
1340 6
76 10
57 5
2030 9
846 4
298 2
434 4
1075 5
888 4
681 8
1289 3
1321 7
1900 4
122 10
592 9
618 10
373 2
653 5
346 2
567 8
617 10
602 8
182 3
1964 1
1689 7
656 1
2032 6
2041 2
446 6
487 5
1806 3
1364 9
637 8
1748 4
1841 8
70 10
557 8
687 4
1278 6
42 10
90 10
1262 8
1927 6
578 4
1660 6
1655 7
1567 2
1344 3
1723 7
1795 4
379 6
611 6
173 2
576 1
1002 5
168 3
130 5
953 10
941 5
1641 9
928 1
1005 7
1226 1
1300 6
1519 2
1762 6
1767 3
277 3
311 2
1257 9
412 8
2013 6
1095 5
1444 8
532 2
1389 4
800 10
1967 4
38 3
935 5
250 2
999 9
600 1
1007 2
184 10
1536 10
341 1
773 7
653 9
551 8
1913 10
207 3
255 4
1699 3
1368 6
780 5
1964 1
2020 3
286 1
333 2
4 7
1637 1
1865 3
1072 1
1992 1
636 10
653 2
1937 10
1387 10
667 9
771 4
423 1
984 1
1599 5
919 4
1952 8
905 2
391 6
458 10
689 1
1185 2
1797 10
1311 1
1259 9
1023 10
632 10
1908 4
784 7
1363 7
233 9
619 8
1929 1
228 10
852 2
14 2
542 5
951 5
128 8
395 9
926 6
1063 5
1116 2
1250 2
2038 8
331 8
435 4
968 4
204 2
509 5
470 8
1068 7
1481 7
1577 10
1692 9
209 3
541 4
2039 5
421 2
501 10
1645 10
735 9
245 3
418 9
498 10
1944 10
970 1
1117 1
1695 9
437 5
1361 2
409 10
1453 8
599 3
535 2
1861 5
864 8
1159 9
1919 2
0 1
96 2
1437 1
1908 7
5 2
1356 4
1397 10
1964 9
1999 2
213 3
957 4
1426 3
1837 5
353 6
905 6
758 2
1791 7
662 10
410 5
416 6
1414 10
1566 7
219 3
1572 6
1347 8
847 8
37 7
1548 10
1581 5
613 7
855 6
1181 4
1391 9
870 8
715 8
808 2
1520 7
1572 2
617 5
629 9
1188 10
632 2
52 9
2016 2
985 7
1599 2
2026 9
1616 1
807 2
1455 5
1624 1
1951 7
133 1
377 1
1042 6
495 10
353 4
1403 3
1696 2
1935 1
2006 9
471 1
1231 5
618 1
1585 5
1963 9
315 1
1169 10
190 9
741 6
657 9
657 9
1414 8
252 6
469 5
564 3
160 7
1025 6
223 2
44 2
1330 3
1642 1
199 2
1232 8
1614 2
1789 1
322 6
1181 3
731 1
661 2
935 4
1421 2
1611 9
1677 8
1700 6
1787 3
509 2
660 2
1729 4
277 7
1785 6
828 1
97 1
649 10
887 6
105 1
1259 7
1833 10
1863 7
1655 10
950 4
1239 3
796 4
414 9
55 10
1461 5
850 10
758 7
1062 4
494 3
1351 7
1948 10
487 9
1440 3
1502 5
1126 2
1430 6
1590 9
1641 4
633 9
872 7
1816 2
1299 10
1586 9
1929 4
847 8
310 2
30 3
446 8
1989 2
283 2
394 3
1450 8
1721 4
1720 1
1608 4
1045 2
1524 2
439 7
1482 4
981 7
1444 4
2029 9
383 3
531 2
56 6
1676 9
1721 1
1174 9
1412 8
1594 5
108 8
279 9
794 4
280 8
403 6
895 4
55 8
1987 8
789 8
1165 1
1996 6
274 5
310 4
1874 10
1053 2
1295 9
1310 7
1895 10
521 2
1865 7
586 2
1220 4
1253 6
1485 8
1901 2
9 5
21 9
1652 8
1086 5
905 5
1089 1
275 8
488 2
295 10
581 4
988 6
763 1
1065 5
1291 5
1584 1
283 3
611 7
1828 6
1743 7
1640 2
574 2
1160 4
455 1
1031 8
1246 8
68 9
1399 2
1500 1
616 8
802 2
1134 1
1673 10
1466 7
1551 8
101 4
1449 9
1458 5
686 8
963 9
1267 5
2013 7
837 9
1410 1
1237 1
987 3
453 6
249 8
1965 6
1076 9
952 6
963 5
1127 10
1277 8
1443 5
2021 9
31 8
213 6
363 6
476 4
697 10
1688 6
713 8
375 10
682 8
1056 2
1219 7
60 10
1555 4
51 1
349 1
620 4
306 10
1000 3
1826 5
1212 4
514 5
1654 7
1087 7
908 4
1085 6
1550 8
635 1
1202 8
1919 3
1008 6
1200 6
908 7
964 3
1038 5
1221 10
1368 2
1276 10
753 6
595 2
719 5
1141 5
1502 4
38 8
849 8
226 7
1585 5
1417 2
1423 3
574 2
121 5
1087 6
1987 1
1193 8
1680 4
46 4
224 5
609 6
446 4
482 4
998 8
1332 4
268 5
1986 9
280 7
1750 7
1649 5
850 1
1865 5
332 5
1511 8
1679 4
685 10
977 4
800 7
700 10
80 10
241 9
413 7
433 1
1213 6
992 3
479 9
1468 10
1724 2
977 7
1675 7
697 10
1145 1
1411 4
439 6
975 4
576 7
1262 9
1803 6
1907 7
1407 4
1895 2
973 5
1457 5
1564 10
545 5
96 7
28 3
356 9
521 10
1999 8
1745 6
1305 6
729 6
907 8
1144 2
1537 4
1589 4
260 8
847 10
1101 10
1790 5
1191 3
1354 9
12 10
1759 3
1745 6
114 7
2012 1
1495 5
46 6
1234 8
1719 8
83 9
498 7
1327 6
212 10
1694 4
1666 9
1748 10
2028 3
1474 1
1000 9
1732 2
1909 2
837 9
1163 8
522 9
1512 3
2041 9
146 5
410 4
89 3
1540 6
1454 4
174 3
1726 2
83 6
685 8
539 6
819 8
1411 4
1506 8
115 2
351 4
183 7
1671 10
1577 1
1429 1
859 5
1607 4
20 1
652 8
1104 6
1686 7
1398 4
228 8
1948 8
1966 4
871 8
1345 7
1390 1
1713 4
1007 4
994 7
960 4
1132 1
1320 9
794 3
213 3
1728 1
159 3
913 3
1170 2
412 10
811 3
690 5
837 7
1249 5
1925 4
1927 8
152 8
595 9
1258 8
1498 5
949 6
916 6
1247 6
1344 10
1182 2
33 1
1819 4
46 3
267 2
361 8
794 4
1908 7
1333 8
1821 10
1521 7
1097 8
570 5
967 1
1386 1
1422 4
24 7
752 2
1720 5
1031 5
2 4
1368 8
1376 6
1402 8
1994 6
2016 7
6 10
602 3
1126 10
1461 5
1463 8
731 2
1414 3
1490 5
460 3
728 2
164 1
82 9
484 7
1739 7
1925 6
726 2
510 7
32 9
796 4
2007 10
1157 1
1834 9
268 1
704 6
1993 1
502 9
1348 4
1852 9
1255 10
1981 5
1506 10
42 1
989 7
1955 6
221 10
660 1
1204 3
725 2
127 2
1042 4
1153 10
65 9
168 8
542 7
1127 8
370 10
302 8
1004 2
1370 9
284 2
1306 5
1677 1
1000 9
1253 10
1359 1
1626 6
1624 9
823 1
1097 9
642 9
1092 1
88 8
1821 8
1498 3
1718 6
1877 2
323 4
1003 2
1849 9
1536 4
1412 10
829 8
1810 9
1676 4
884 3
1406 10
1643 10
1769 8
451 4
246 1
298 7
578 8
1909 8
463 2
1251 8
1401 5
1773 3
261 10
339 3
1689 5
207 4
1117 9
1476 3
1564 6
452 5
657 6
1707 2
959 2
1477 3
1224 8
1342 1
1355 7
1850 5
2027 4
119 10
1024 4
187 8
7 10
1359 7
1046 10
1059 1
1255 5
532 7
93 4
300 3
1494 3
518 2
1927 9
1855 10
377 6
810 2
1063 9
1552 3
515 5
359 4
803 9
991 8
1830 5
16 6
1897 9
177 6
530 6
1261 8
214 1
331 1
1929 6
585 3
358 7
2017 10
1441 6
1477 5
1587 2
128 6
393 7
612 3
1029 9
999 9
1141 9
1567 8
62 1
1558 3
1806 1
66 4
25 5
724 2
1412 5
1615 2
1918 9
1313 1
1531 7
320 7
364 10
690 6
1758 5
1977 5
1903 8
2023 4
245 2
869 9
825 4
1704 8
148 7
366 9
611 1
426 5
322 7
1618 9
55 7
149 5
1960 5
1807 7
992 3
824 4
1186 8
1604 1
211 10
329 1
1568 10
806 8
1711 2
385 2
608 2
664 7
648 2
1643 1
904 9
964 2
2021 6
66 5
549 2
897 10
168 6
2021 7
888 3
1879 2
1428 4
1168 5
1191 5
1107 4
1495 6
1459 9
1569 10
449 3
1491 9
1440 7
248 3
581 9
1922 9
1313 5
677 1
1049 3
808 9
1210 9
1889 3
1301 3
873 4
1615 6
396 3
236 4
289 4
1846 1
1246 7
1776 3
1818 2
1862 5
1336 4
1962 8
1741 9
268 3
1672 5
589 10
1033 5
408 4
70 8
769 10
545 8
558 3
768 10
476 5
1900 4
929 5
934 8
528 4
1168 9
1607 6
962 7
992 8
1111 5
1219 6
1382 7
1680 8
633 4
174 9
1513 9
548 1
90 4
1921 3
1083 5
1139 7
1757 6
1386 7
1016 10
1628 1
1931 5
174 8
412 3
579 9
629 7
164 1
155 4
232 6
1724 7
275 9
376 7
474 9
1434 8
1396 2
1246 9
242 6
1532 3
1610 9
573 8
1247 10
1230 7
1618 2
1057 3
1353 4
1625 4
1674 5
154 7
885 2
393 10
1287 3
1378 1
485 3
932 5
1155 8
1369 7
55 2
1129 9
1811 7
356 5
1805 5
1046 8
2004 4
221 9
1510 9
1422 6
1849 1
158 4
1974 6
1939 7
630 5
1133 10
1252 5
1824 9
329 10
1908 10
1830 1
38 6
124 5
394 1
29 2
951 6
990 2
1847 2
1611 1
1139 9
1347 8
1546 10
239 10
602 9
1846 10
534 3
636 7
1353 1
1320 6
1898 10
389 5
1478 8
499 5
980 9
436 3
1246 8
922 5
1801 1
922 2
1849 5
185 9
1188 2
813 6
1094 10
1911 5
2019 2
92 5
226 6
291 7
895 8
1064 10
1517 2
1296 9
56 10
110 4
673 8
1029 2
1256 6
1323 5
1048 1
1023 9
1568 4
78 10
1753 6
1997 4
101 2
1317 10
1561 5
1805 8
325 10
1560 2
1250 4
1479 9
1123 10
916 10
1219 7
829 6
1979 4
180 10
718 3
722 4
672 4
1384 8
1360 9
1123 10
1540 2
1256 9
232 2
1110 5
154 2
321 3
728 4
663 4
420 2
1155 4
1106 9
1167 2
1418 4
187 10
1782 5
888 1
80 5
197 7
208 4
1616 7
381 8
297 8
1509 3
1969 4
77 8
136 3
431 8
1854 3
1568 9
1644 9
875 10
56 1
194 7
225 7
626 10
697 7
548 4
411 7
1540 8
378 8
393 1
1463 4
254 2
1471 8
293 5
598 6
681 2
175 2
551 8
1307 10
1383 9
360 10
746 9
108 1
858 7
1046 8
1289 8
1464 3
1752 9
99 8
1446 2
996 6
1408 10
863 2
486 2
1566 10
1414 10
1511 5
844 6
1441 6
1793 7
81 8
390 3
1680 3
757 8
1188 8
92 6
654 2
944 3
334 6
1937 9
208 7
1843 10
89 6
652 2
1526 5
763 9
1967 8
1088 9
258 6
1177 6
1158 4
1212 8
1690 10
29 7
61 5
745 2
1542 9
1072 4
850 1
1403 6
1712 8
1997 4
212 7
389 6
719 3
1951 3
556 7
1511 9
1189 3
74 6
311 6
323 9
1842 8
1243 10
1534 1
374 1
787 6
1315 5
1209 7
1648 8
1071 9
1402 8
1536 6
248 1
127 3
1842 1
561 1
182 7
2022 1
129 6
516 3
1708 10
856 6
1559 5
1830 1
1364 6
1814 2
1448 3
1687 6
1992 6
1568 4
1669 7
1228 1
1425 10
1437 10
1973 5
1045 7
419 3
1563 7
713 8
66 2
234 4
387 8
535 1
14 2
906 7
2005 9
1203 9
1798 9
1824 4
1062 6
1462 5
1052 1
1617 7
971 1
734 1
1661 7
313 5
851 7
1082 6
1169 3
1493 9
1567 7
1946 10
463 6
103 6
1398 2
756 4
1301 6
1830 10
125 6
225 3
253 9
1627 3
85 10
754 4
887 8
1177 9
1296 8
945 5
612 10
112 4
1217 1
1117 1
509 3
565 8
1758 2
1019 1
1907 6
988 9
1711 1
1611 3
420 7
1914 5
661 1
1248 5
737 8
793 6
1564 9
224 6
1312 9
859 7
1404 5
940 4
295 2
1905 3
528 9
1021 10
1177 1
1207 4
1352 2
1447 6
1456 5
182 2
2001 3
33 5
1432 5
548 4
1768 6
1933 10
1151 1
1453 9
1260 2
1567 10
1928 2
1988 10
2015 10
286 9
507 10
92 6
1137 1
336 2
126 10
1193 9
275 10
227 8
1465 1
1320 5
1385 4
1641 2
1947 6
519 9
1491 5
1711 5
1592 3
1528 5
985 2
1429 6
1700 2
683 9
711 9
1513 3
1633 1
719 7
1126 5
1182 9
1156 7
951 6
1312 6
1040 3
361 10
1971 10
1281 3
515 7
1519 9
2047 5
1945 4
1632 7
1626 9
1650 4
1242 4
891 10
162 2
1938 10
143 1
1523 9
303 2
1509 5
384 5
44 8
427 8
1661 9
935 5
108 4
231 4
805 6
1036 1
599 3
1187 3
1202 2
1619 3
1455 9
1914 10
1054 6
1114 4
1437 1
2 9
1237 5
615 4
122 4
1481 4
1002 10
650 8
668 8
705 10
362 9
903 4
271 10
396 2
193 2
917 7
1124 2
1777 7
565 5
691 8
1798 2
226 8
1008 4
1559 9
1999 5
49 7
664 10
696 1
3 2
810 1
305 6
893 2
1475 10
1868 1
1878 2
368 6
1950 9
905 3
823 7
17 1
1025 1
1852 7
300 2
429 9
950 1
461 5
637 2
426 5
1310 5
1409 9
1469 2
1620 5
2030 6
1298 1
150 2
1430 8
952 7
1326 1
1463 9
1488 3
1870 10
97 10
651 6
335 8
1323 10
1341 2
223 10
816 6
1390 9
1431 2
1328 2
1625 5
1247 6
1799 5
1508 5
1752 10
911 6
1077 7
1375 6
1633 5
1840 7
76 5
301 10
597 8
803 7
1220 5
1009 9
1221 2
160 5
830 7
714 5
258 7
1108 2
1270 10
1683 7
27 10
1972 2
1882 2
1301 4
14 5
1721 2
403 4
611 8
1212 8
1053 3
59 4
607 10
42 6
1750 3
804 2
1714 10
1115 1
1405 6
597 5
645 8
1205 1
1584 9
1194 4
16 7
1136 5
1454 10
1236 8
925 2
972 6
447 6
464 7
24 2
1734 5
1008 10
1531 6
2047 8
424 5
1156 1
1185 6
1392 2
565 4
59 8
1506 3
884 3
1591 3
754 9
1492 8
1991 2
335 4
1161 3
292 1
578 9
651 8
1256 9
1341 7
495 2
716 8
517 10
1607 6
667 7
1005 10
887 6
2012 1
1320 10
1292 7
764 4
472 10
1804 9
1027 1
1174 7
1657 7
433 6
106 8
319 10
1569 4
2035 2
1547 9
799 10
1472 7
288 4
917 6
1553 2
595 7
408 6
1951 3
1104 8
261 5
480 10
370 8
1226 3
1812 5
1499 1
1461 5
1258 8
139 3
1143 8
1823 4
1840 6
1194 1
1521 10
1738 2
132 5
397 9
1492 4
219 5
1283 2
938 1
1382 1
1427 8
1809 5
1856 2
73 1
475 5
894 3
1472 3
535 3
464 1
539 6
415 3
400 8
1799 6
1833 5
556 3
737 3
23 2
1246 4
868 3
995 5
1808 7
2032 5
776 2
915 9
54 7
940 4
1017 8
1589 7
1960 8
107 8
1662 9
1299 3
1334 9
1658 8
1893 9
662 6
872 6
1510 2
139 10
825 8
914 8
1136 4
243 3
616 4
797 1
1402 3
759 3
209 4
1812 8
325 2
431 4
581 5
456 2
373 3
2034 5
408 8
1880 6
1435 9
1056 4
350 3
841 10
1033 6
1627 2
487 1
1714 7
1308 4
1666 3
1892 2
490 5
1867 5
1056 6
534 5
1135 9
1745 3
504 6
942 2
850 2
1720 2
1814 4
1222 8
1955 4
190 7
290 8
360 1
882 3
933 5
476 5
1095 1
308 10
673 4
788 8
1281 5
226 7
1589 6
1129 10
1473 9
1653 1
1560 4
1865 7
1358 5
422 3
503 9
759 10
60 9
64 1
1821 5
1622 7
148 5
1131 2
582 7
455 1
1845 4
1128 7
1451 6
333 8
1337 8
11 8
951 9
1759 1
1736 9
1289 9
1135 5
1314 5
530 1
1983 9
904 10
1194 4
178 1
199 2
483 6
847 4
1516 8
1340 8
223 7
1506 5
1370 8
1617 7
1653 10
168 10
1211 3
758 9
902 10
609 4
1766 4
170 5
648 6
851 3
676 5
634 2
247 9
460 6
820 7
1635 5
1890 6
417 7
83 10
704 8
246 5
1120 7
138 2
688 4
689 7
1458 8
351 10
1329 1
1921 1
215 7
540 1
1809 10
1560 10
124 3
126 3
1225 8
1821 7
1827 9
1635 2
1142 4
1278 1
180 8
1820 1
282 3
1112 7
857 6
1986 1
178 4
561 3
1957 8
1450 9
1552 8
284 3
529 7
1811 1
718 3
1115 5
1798 1
481 10
887 8
234 10
1521 10
1337 1
1772 1
137 2
392 3
885 9
284 4
487 8
593 6
2021 9
1387 10
1725 9
399 3
1588 6
792 10
1951 9
720 6
1100 2
1302 5
67 10
848 7
876 6
148 10
81 3
134 6
1469 10
1702 1
72 4
360 5
162 5
90 3
1391 7
44 9
634 4
1355 4
505 8
1260 1
1840 2
1144 6
962 7
1293 1
1842 3
95 2
1331 7
1685 9
1474 6
1645 7
191 5
786 5
786 2
1328 6
1484 10
1717 2
1884 10
1233 2
1630 9
1556 9
1901 8
334 4
1507 5
1926 3
80 4
535 5
553 3
11 4
92 5
1909 10
15 6
103 9
144 1
145 6
432 6
865 2
1464 7
102 2
212 5
638 6
85 9
1104 5
75 8
461 4
482 8
344 5
571 3
477 3
1592 10
1531 4
624 1
468 2
1663 8
587 5
769 5
204 6
1091 2
77 6
1071 7
1148 3
576 3
1407 2
1422 2
243 7
1150 8
1219 7
1395 1
777 5
297 8
1237 6
184 9
1300 4
894 5
246 9
1413 9
336 2
473 7
770 8
1471 3
127 6
1510 7
1453 6
1902 3
627 5
962 2
249 2
660 4
843 5
1460 1
1984 7
112 2
129 10
443 7
542 5
1841 7
1765 3
1854 5
330 3
310 2
1347 10
1745 7
1644 4
1956 8
1353 5
881 1
1444 9
983 4
1392 7
1579 4
1613 1
1900 9
37 8
114 8
1378 9
1082 6
1758 6
1814 1
830 4
1312 9
885 4
1548 5
1904 6
42 5
376 10
624 5
1487 7
1478 3
17 8
466 2
1152 8
1184 5
1741 3
570 6
893 2
133 9
1724 5
1136 10
1434 3
1118 9
1320 8
147 5
1935 6
1654 9
402 8
1886 6
32 10
807 3
1935 7
1882 4
1884 9
1545 4
1970 1
67 2
826 5
586 8
1877 1
1510 3
1668 1
1970 6
1867 6
567 10
1000 7
1158 3
2013 5
183 2
1797 1
1134 5
1822 3
69 9
1434 1
1599 8
1260 5
574 5
1635 6
1920 1
720 6
1358 3
1805 4
957 4
1233 5
953 5
1426 3
1493 3
1905 10
597 7
663 4
852 1
356 3
228 2
1745 8
555 10
638 5
838 6
900 9
18 8
782 6
1090 7
1828 10
1968 2
854 7
684 6
1939 1
1416 10
1031 3
1562 8
1694 1
624 10
949 5
310 7
1603 9
400 1
522 1
1437 3
1955 7
2008 4
135 7
75 1
108 1
183 9
379 4
434 5
362 1
1141 9
462 10
179 2
426 10
99 10
949 4
6 7
647 4
1023 8
1169 8
232 5
559 2
1799 6
248 10
482 2
1407 1
1692 3
1974 8
156 8
219 8
741 2
1215 10
498 1
1768 1
1613 2
984 8
1656 6
717 4
1134 6
1500 8
1620 6
1670 7
1989 8
1495 10
46 10
1516 2
1347 2
1075 8
1441 4
1792 8
2021 7
920 7
935 2
770 7
995 9
1444 3
1119 8
19 5
684 5
288 6
682 9
1542 4
319 3
1135 5
689 3
758 2
398 8
1224 8
1239 7
420 9
1860 8
257 6
482 1
594 3
405 1
581 8
723 1
1363 7
1108 2
1249 2
1680 2
1408 8
476 8
553 1
639 4
1296 9
1927 3
299 7
1239 6
1686 1
1750 7
106 4
276 5
1619 5
100 9
1459 5
1459 1
1767 6
1820 1
173 7
1379 10
643 1
1396 2
1073 9
1954 1
548 5
1768 6
1305 9
822 1
1581 4
1669 8
1843 6
865 6
1775 2
1393 9
1975 5
1850 3
1855 2
702 5
176 4
1564 5
474 2
1375 1
1529 9
363 7
440 5
701 4
417 8
1497 5
1080 5
164 8
1608 3
1526 1
1571 10
981 1
1052 5
1977 5
10 2
697 4
699 7
1482 8
2032 10
1107 4
1205 2
1559 5
1719 8
260 9
2042 10
427 4
1234 7
260 7
581 5
1247 9
1844 7
785 9
1907 2
1459 3
2031 5
1096 3
1248 9
331 2
670 7
50 8
976 1
1570 2
23 5
1799 4
1575 8
392 7
1158 4
477 9
938 4
2015 2
1607 2
1661 7
1825 3
193 5
411 9
960 8
1259 6
633 1
1402 8
268 8
836 2
1817 10
19 2
653 7
1112 3
1411 1
1837 7
467 1
1218 3
1269 7
24 7
1177 2
1992 5
2040 3
373 1
533 3
1808 7
683 3
1057 7
677 6
827 9
177 10
1251 8
117 7
384 5
419 1
730 7
1828 7
499 7
1900 10
265 4
484 1
782 2
1213 9
1569 6
1880 6
1987 3
202 9
130 10
1490 2
746 8
1269 5
17 9
546 6
698 3
756 3
1320 8
770 8
1362 1
2002 9
1156 4
1897 5
1959 8
494 2
490 7
267 6
425 3
717 7
1044 4
1749 9
15 10
186 4
962 9
47 10
1087 9
1860 3
884 5
1565 3
270 7
804 6
570 3
55 6
1297 4
1862 4
163 2
431 3
1452 10
1121 2
390 6
64 10
1279 1
1420 3
1495 8
693 8
1156 5
1976 1
202 8
627 9
750 9
1604 9
1530 10
1398 8
1286 8
687 3
710 9
946 7
241 8
733 9
1775 9
1205 2
1104 6
1407 4
1511 2
563 6
846 10
272 7
623 5
1470 7
736 2
1895 3
1523 5
1080 4
1396 7
1727 3
2018 6
263 6
446 7
1809 8
732 2
1464 2
1810 4
365 2
872 10
1351 9
1456 10
624 7
1183 5
1084 4
322 5
293 4
440 7
1591 5
1828 5
1241 10
1345 10
717 4
627 2
1574 5
1164 8
2019 2
93 7
380 7
512 10
689 6
1628 2
849 4
866 10
1374 4
1498 1
1603 4
858 9
1395 6
1122 5
399 2
128 7
425 10
1782 8
137 9
1253 5
135 6
42 10
130 4
1754 1
1858 6
484 4
1590 9
42 10
303 1
1439 10
1785 10
1949 6
46 8
95 8
1424 5
91 8
1557 1
1962 2
419 5
1728 6
280 7
229 6
457 1
1811 6
1329 2
1325 6
1427 3
1650 8
100 1
772 10
1962 7
254 9
885 8
31 4
1399 10
1483 3
1950 6
1667 4
490 9
1688 5
1244 5
1734 9
827 1
1560 1
1969 3
1552 2
440 3
138 9
1526 9
1401 2
831 10
1153 10
554 7
2003 3
1387 3
1986 3
1356 10
1753 8
399 10
1488 7
1621 8
1821 8
636 10
957 8
790 9
1979 1
1424 1
1950 10
1958 7
742 4
96 7
1961 7
2038 1
1695 4
1597 1
524 3
658 6
83 9
1202 9
851 1
1801 3
1404 3
1678 8
2004 4
1870 4
1073 5
160 7
1445 8
450 5
1920 6
873 1
1095 6
1034 8
1923 5
214 6
363 9
159 10
1996 3
750 9
1897 3
789 2
1690 2
1170 3
1476 7
1850 7
1857 3
48 3
565 6
1835 2
1062 5
1751 4
1933 2
489 7
724 5
679 8
952 3
2020 10
477 6
322 2
538 5
1060 7
1265 4
767 5
891 6
155 7
1758 1
1978 10
120 2
1450 2
1027 8
2 10
590 6
1118 9
1832 7
435 8
418 7
1442 1
156 7
844 1
1967 5
48 4
1051 8
1137 4
322 3
252 4
1047 10
1735 2
1868 7
76 4
689 5
2017 1
1053 6
1205 9
1562 10
1219 10
1821 6
314 3
591 3
838 3
234 4
1694 5
1283 1
1569 10
152 3
1601 2
495 7
1216 9
1821 2
655 6
731 4
1910 3
313 7
1043 3
1043 3
593 6
1166 9
1684 2
1151 10
1482 10
994 4
30 10
1580 6
1861 7
155 9
11 5
104 4
262 3
492 8
819 7
1135 6
669 2
1050 5
1463 1
1922 6
208 10
444 2
611 7
743 10
803 8
778 8
257 6
1118 5
1480 4
1697 5
1037 10
17 9
1919 2
1896 6
1381 1
1372 7
1409 8
1492 10
118 5
466 6
790 1
429 2
1713 10
398 8
763 3
1640 5
1089 1
1733 3
1251 1
328 2
1045 5
240 2
1036 8
1588 1
50 3
1423 8
1760 8
1801 2
2011 7
478 5
822 1
2009 7
488 1
976 5
1884 2
1263 5
1355 7
1782 8
34 1
290 10
861 3
1038 6
132 2
1701 2
674 2
2018 2
845 6
1330 3
1600 10
1779 1
380 10
33 3
1790 5
242 2
1549 4
686 2
890 4
892 6
31 1
1853 8
1762 7
111 2
775 3
1718 10
987 7
1227 8
75 5
1633 8
93 9
2035 1
344 1
743 1
1873 10
1993 1
1570 9
1129 10
371 8
407 10
1032 7
1430 4
2045 5
1501 10
1091 10
1220 8
1226 2
1333 7
1665 4
2006 4
454 5
1634 1
478 1
146 6
1558 6
467 3
1030 5
821 6
1272 5
664 4
613 2
1245 6
1817 2
563 7
745 9
638 5
1377 4
391 1
788 10
394 6
1103 8
58 5
286 6
265 8
677 5
218 9
263 7
471 2
2009 4
436 6
16 7
1779 3
193 8
1160 2
1909 2
1374 1
1651 4
1286 4
1556 7
1917 1
2034 7
197 8
234 6
640 7
566 4
1171 2
1734 1
1770 1
1132 4
1413 9
1171 5
1432 1
1541 4
1761 8
102 10
1806 2
1146 9
1297 7
1362 10
1737 5
1825 2
1950 2
368 4
930 7
508 9
1948 8
813 9
1715 4
1935 5
351 9
556 4
632 1
810 4
1968 6
1503 1
1616 5
258 10
545 5
1026 5
1852 2
80 9
970 9
1694 4
6 2
306 1
523 4
1752 5
219 5
410 6
616 5
1131 8
961 8
93 1
1190 7
25 5
44 3
684 9
50 8
1511 10
1937 3
1571 3
857 7
107 4
21 2
1914 8
1795 4
145 5
350 8
975 5
1776 5
1003 4
1354 5
1647 7
2000 2
1591 6
1770 8
1503 7
2007 10
939 6
823 6
1248 9
1156 3
1386 4
772 5
380 10
568 5
1537 7
1295 3
1807 7
1915 5
580 2
1005 4
52 6
1335 1
474 3
523 1
1882 5
688 6
1583 9
40 6
176 5
676 5
2020 3
1651 8
315 10
688 7
692 6
995 9
1149 9
1120 6
1844 9
157 1
1399 10
809 9
1168 6
1564 7
1285 3
1049 1
676 1
80 8
281 10
575 9
177 8
951 7
1842 7
929 2
1060 10
1840 7
375 10
90 5
27 1
735 1
1669 8
1107 7
1689 5
1178 8
1581 6
1422 9
1500 1
1190 9
1316 6
1455 2
1591 6
277 8
787 10
1393 3
1319 8
1226 9
1241 1
1027 6
894 1
625 5
1317 10
1985 7
980 3
1525 9
1234 6
192 4
226 3
723 8
734 9
146 1
1906 10
1452 6
1800 10
1463 10
1902 2
1996 1
1873 9
1180 10
1855 6
491 5
2034 9
577 1
478 5
572 8
1387 9
916 2
1303 7
543 1
705 10
514 7
541 4
310 3
1801 6
1215 7
1296 1
55 9
1328 10
258 8
1356 10
1970 4
1444 10
525 7
1064 8
1344 3
1938 3
1124 7
1990 8
715 6
926 5
1001 6
1182 3
1720 5
877 8
1200 7
170 7
488 1
91 7
55 5
1128 5
1488 5
536 1
395 2
796 9
1304 3
1942 9
210 8
761 4
1092 7
977 4
2036 6
1263 2
1560 8
1577 5
1708 2
535 2
859 2
967 2
501 2
1704 9
1806 9
431 8
275 2
266 3
795 5
338 9
1441 4
194 3
2046 1
86 8
770 5
1125 3
210 2
911 7
611 7
33 8
985 3
1230 3
1285 10
1792 2
270 4
1126 1
375 3
1677 3
845 4
863 1
913 5
1670 10
1163 3
638 2
1631 1
10 8
740 9
826 1
643 1
1403 1
1538 4
74 4
1035 9
1419 5
1046 5
461 3
942 9
1450 10
2046 2
134 8
175 5
339 3
1123 1
962 8
1142 4
9 1
47 9
65 9
907 7
1087 6
1672 9
1681 9
1780 1
64 4
128 6
997 2
314 1
281 5
1175 4
454 7
1124 5
1009 5
166 9
31 1
1384 1
1641 5
141 1
792 10
1119 1
2017 3
794 10
1432 7
1987 6
1122 5
1103 7
1230 8
848 2
445 8
1466 8
1531 2
1867 1
529 10
1111 3
1589 9
1825 10
725 10
837 5
1113 1
459 9
666 2
1741 10
121 2
732 8
1526 6
684 10
1651 2
29 7
899 7
1105 5
1469 3
1409 8
1607 9
1954 2
895 10
1059 10
777 9
1785 2
1243 10
557 7
1144 8
1663 8
898 2
1075 8
1810 9
582 3
1704 9
1322 2
1609 5
1069 4
717 1
1351 9
1579 4
1675 9
1152 2
1376 5
1427 8
1691 3
1728 5
103 10
285 3
1716 4
780 10
1530 5
1203 8
1670 10
1969 7
518 2
681 1
947 5
1744 2
2024 4
960 6
125 6
604 3
902 5
964 5
1045 6
1780 3
892 9
605 9
1235 1
1138 2
1663 6
865 5
942 10
887 4
1334 3
543 5
543 5
1166 8
1293 7
1580 10
146 10
834 1
1036 4
1297 4
1413 3
7 8
1378 10
489 4
1135 2
1649 8
1751 4
2044 6
772 7
783 9
15 4
1495 8
148 10
2019 2
1230 4
1517 3
1418 3
418 4
750 9
690 5
1531 7
955 9
1370 2
1568 1
1848 1
1119 4
607 3
1339 10
2004 6
910 4
559 1
880 8
1696 9
1453 8
379 7
920 6
1130 8
704 2
1468 2
1569 9
73 6
700 1
159 10
1070 9
356 1
1388 3
1896 7
124 3
1687 8
142 7
209 3
1475 6
1987 10
930 3
1768 7
1885 3
1974 2
1087 9
1719 5
1384 7
1656 10
110 9
1971 4
931 8
2011 8
432 3
833 1
1588 6
1043 10
578 9
1362 4
1652 6
1132 2
1546 7
941 8
48 7
74 3
210 2
1021 10
1382 1
1192 7
1396 3
731 10
170 7
360 4
1223 4
1613 2
1755 8
259 2
777 8
796 4
1271 6
298 4
1952 10
838 7
867 1
998 5
992 4
1082 3
83 4
1352 7
728 1
1572 9
1964 2
98 7
581 3
983 4
277 8
809 4
946 3
132 7
335 8
645 9
101 2
1979 9
2037 1
679 4
1067 2
361 2
1635 5
255 7
2033 9
30 4
188 6
870 3
571 6
1634 9
1344 9
1676 9
1984 10
345 8
1447 10
1985 2
451 10
526 4
711 8
212 3
1115 3
1410 2
572 1
588 6
1007 8
4 9
1762 5
1763 1
673 1
1730 10
1471 8
1688 6
345 10
1043 9
1136 8
469 2
1494 10
1965 1
1171 4
573 10
796 2
1410 4
1721 10
770 9
1088 6
501 10
760 5
1354 3
657 10
823 3
957 8
1813 2
719 2
1029 3
1488 10
1781 8
580 5
211 9
310 7
1069 5
1167 4
117 9
489 3
1068 2
601 8
606 3
1936 1
97 6
1322 1
1391 5
320 7
1573 3
435 1
557 8
671 9
29 5
242 8
1200 5
873 7
72 2
442 5
1121 4
1182 6
376 10
348 4
1858 6
322 4
1861 5
1179 1
809 6
831 1
825 9
986 2
1092 8
1808 9
1385 10
242 4
260 9
1176 1
280 4
1415 4
60 2
1098 10
1241 6
1884 3
651 4
660 3
492 9
18 9
1869 6
721 2
1104 3
1175 6
1265 3
1627 5
1223 5
837 9
1447 8
387 10
1005 5
179 1
2004 6
1324 6
1787 3
1884 3
235 6
551 2
135 7
941 5
1542 9
1704 6
635 2
867 6
1719 1
1847 3
1487 6
400 9
527 6
756 8
1259 4
844 3
1630 1
1563 6
50 5
490 4
1797 8
1890 2
438 7
653 10
787 2
806 8
7 5
233 9
472 2
493 6
811 3
407 10
446 10
1093 9
1075 7
424 9
325 10
123 10
208 6
761 5
1623 4
1660 9
705 3
1306 10
1624 1
533 1
1153 7
1540 6
1281 10
1994 9
417 4
1232 10
1427 3
433 5
537 7
539 10
573 8
1267 2
834 9
692 8
1979 6
1266 7
1309 3
18 9
61 4
231 7
864 4
1857 3
1878 2
902 4
880 1
265 5
1916 8
1808 8
293 4
454 8
1845 4
2020 10
1622 6
1815 4
1882 1
1837 2
138 2
1400 8
1515 8
1781 7
377 10
2017 7
1423 4
1498 1
2 4
1379 4
351 6
1371 1
429 6
435 4
689 6
1174 5
1104 7
592 5
1663 7
1686 4
139 10
1550 2
407 3
69 6
1230 6
1702 10
689 8
1025 9
423 4
844 2
1597 7
178 9
821 9
344 1
314 4
1133 8
278 10
731 3
470 3
130 1
267 6
864 1
1001 2
1038 9
1473 10
977 2
290 5
76 10
86 10
1566 8
1523 6
1336 1
831 4
453 3
393 3
1642 6
1838 8
545 8
1212 2
1209 5
1342 3
1502 1
482 9
813 7
1208 5
1567 9
763 9
1253 4
2038 6
558 10
904 3
323 4
558 7
1900 3
153 3
316 2
688 4
861 8
1208 2
1711 8
809 8
1619 10
1767 7
79 2
698 6
990 9
1573 10
1511 3
430 8
1257 4
1304 1
180 2
1747 2
1958 10
1837 5
959 10
1101 7
1908 4
222 4
236 10
1747 8
26 4
1041 9
246 3
341 10
386 1
826 1
1404 1
1269 3
1783 8
1849 1
986 3
61 3
225 3
41 5
686 7
793 7
1039 10
931 7
570 10
521 7
770 6
858 5
675 4
299 3
1060 8
2007 6
1276 9
1833 6
442 2
858 2
689 10
197 4
1524 3
1443 10
1267 4
476 10
1313 10
893 8
1896 7
1154 4
1182 5
1808 8
1686 3
236 1
2016 9
31 4
314 9
560 4
741 8
74 1
964 8
910 8
560 5
1363 6
1329 9
1364 1
878 3
1307 3
1060 2
624 1
1094 9
1720 8
1956 1
186 8
338 5
1917 8
1609 6
1057 8
576 2
1651 7
818 1
59 4
1648 10
221 4
508 7
1427 5
1338 7
582 10
775 7
1112 3
1124 8
1139 4
373 7
52 9
1201 6
1814 8
656 5
1667 7
385 1
1856 3
361 6
1730 8
250 9
1192 10
1896 7
659 8
2019 7
355 8
949 5
577 2
922 2
1674 9
1767 7
707 8
979 7
1671 10
1096 6
1699 2
1889 1
79 6
417 9
1135 1
87 4
1413 3
434 3
865 8
1997 6
1923 6
402 3
683 1
846 5
932 6
1399 2
1885 3
1411 1
1397 7
1601 7
30 4
169 2
1994 9
1636 9
184 2
320 3
663 3
968 6
964 7
1491 7
1840 10
78 2
1874 10
354 3
362 10
1006 10
1094 1
1180 6
1789 8
441 6
448 3
841 4
1626 4
133 8
1743 7
550 5
812 10
1130 10
539 2
389 6
1553 1
1018 5
1392 7
239 8
1687 6
1062 6
475 7
774 9
786 8
884 4
109 8
679 8
765 7
1561 10
485 9
775 10
857 6
979 9
720 6
72 3
1418 4
1268 8
1281 9
1831 8
193 7
223 4
1082 9
980 9
828 5
276 10
967 2
719 5
65 6
385 6
792 4
470 3
638 2
1645 8
1986 6
1050 1
1355 10
1889 10
988 8
739 8
1267 6
1334 6
276 10
780 5
1821 4
1392 2
105 3
1308 7
1593 3
1640 4
364 2
1011 5
1210 4
675 6
733 10
1742 3
373 4
1379 7
1353 8
743 5
729 10
2017 4
514 2
552 6
795 9
870 9
789 6
1634 9
174 7
314 4
625 9
1213 4
1508 5
1932 6
440 1
720 8
106 5
879 8
1699 9
984 6
662 7
635 9
1186 4
1287 1
948 5
32 9
507 7
919 1
833 2
1676 7
1838 6
47 6
510 9
748 8
392 3
1846 10
283 4
1606 3
544 2
621 8
69 6
701 9
1415 9
1686 8
1722 3
208 7
1107 2
1862 8
1052 5
1795 3
1454 6
397 8
2040 4
1654 10
1469 2
2012 9
256 1
583 8
1182 3
1032 4
1298 8
1386 7
1984 7
1987 2
177 5
234 10
1193 7
1895 1
1512 4
1549 10
1807 7
379 10
1193 2
1222 4
1251 6
682 5
1902 4
136 4
1936 7
1939 7
1972 2
2029 7
416 4
589 9
1351 4
215 7
1295 1
1247 8
1821 1
502 1
986 7
1217 3
476 7
294 1
991 5
149 8
859 10
329 6
6 5
1714 5
2037 10
509 3
1155 6
1613 5
555 10
12 4
53 5
591 8
1062 5
510 9
610 8
1435 2
1478 9
1652 2
417 5
607 6
181 6
1334 6
1387 4
1644 4
101 1
50 3
1860 4
21 1
52 6
154 5
1709 4
1968 5
569 3
513 2
1337 4
450 8
690 10
161 1
1220 9
1416 4
1898 1
1731 6
2014 9
2024 3
684 8
571 3
116 9
76 4
1446 9
599 8
620 6
910 1
1788 1
997 1
1780 9
519 4
484 7
294 6
154 2
411 3
839 3
895 5
1192 10
101 5
1247 9
1799 8
479 4
1878 8
1549 10
1718 6
2040 6
881 2
116 5
1040 1
432 10
1368 7
1490 2
1848 1
406 8
432 1
514 3
432 8
497 10
1564 5
234 1
1363 2
1545 3
1628 6
1703 4
222 5
296 9
1088 3
1835 10
1112 10
1975 3
601 3
999 8
313 9
1067 4
566 6
1698 9
1912 5
1259 1
423 4
776 3
1708 6
1797 5
1823 4
1948 5
128 3
299 4
1782 9
1941 7
1549 3
1641 8
1810 4
2017 2
901 9
1317 9
512 10
616 3
803 8
1438 3
1544 6
1904 4
22 8
1766 10
1901 5
1773 8
471 3
677 5
136 7
176 9
872 7
1836 3
1903 9
1643 3
1384 1
1136 7
920 1
264 8
428 10
479 7
1577 6
1505 10
240 5
1268 1
674 9
1861 9
1083 3
789 9
968 9
386 9
1583 1
1101 1
825 8
1298 5
317 2
1137 4
996 4
1070 7
593 8
37 5
1917 7
182 9
854 1
1265 8
1296 5
1610 5
1457 3
363 6
886 3
610 6
1983 2
1764 9
667 10
932 4
624 6
303 10
152 8
164 9
1448 8
2034 1
93 5
100 6
496 2
764 3
860 4
595 6
824 6
1497 8
1478 4
183 2
1359 2
140 2
916 5
1820 5
1706 4
137 3
238 4
1100 7
1806 8
149 3
167 4
1213 1
66 6
1106 3
97 10
704 6
971 9
1639 2
1868 9
1647 9
175 4
733 5
1191 10
342 2
1404 4
1951 9
1889 2
1985 1
457 3
1226 3
802 10
1713 7
118 9
1252 7
891 4
1193 3
375 3
1475 8
380 4
853 5
361 9
674 7
1516 10
332 5
635 1
1896 1
1573 6
1512 2
1772 5
247 8
838 6
940 9
1831 7
1936 4
829 9
1486 3
1633 9
1853 2
525 9
763 5
1222 10
1445 9
752 1
291 1
350 10
902 5
1433 7
1540 8
1757 8
1568 10
389 5
813 5
1595 8
353 9
1523 8
1398 7
1508 8
89 8
1093 6
1452 5
1508 6
1289 9
1095 10
791 10
447 6
278 4
130 9
2046 4
321 7
587 6
1094 8
1532 8
1604 8
1486 2
2027 8
835 5
872 10
992 8
380 3
784 6
942 8
717 9
165 9
484 1
1571 1
538 7
616 7
82 5
1173 1
148 4
1131 2
1559 7
1618 7
790 5
855 10
1850 2
462 6
1608 10
1493 9
1851 1
1886 7
1909 2
1797 3
1183 6
1473 7
1627 6
261 6
1015 6
202 6
2003 10
1613 6
1734 4
854 1
1696 6
708 6
1779 8
1705 9
425 3
1763 8
2040 6
922 6
1102 10
449 4
570 3
589 6
856 2
455 5
562 2
1015 2
1383 1
1895 8
908 1
1225 9
1548 4
1654 1
2024 2
610 1
1054 3
658 3
345 5
1673 5
1842 1
41 1
112 5
536 2
921 7
1467 1
1651 8
1380 7
69 7
214 2
693 4
1898 2
597 4
722 8
1060 7
540 1
1941 8
373 7
398 3
555 1
1136 3
1273 6
20 2
1251 6
272 7
886 9
1893 3
37 5
1084 1
766 4
1206 1
1436 5
1891 6
121 2
900 8
1275 4
14 4
94 9
914 1
1636 2
2030 6
1229 7
248 1
1893 1
1142 10
139 3
1565 3
486 9
903 8
103 10
614 6
245 3
367 5
870 7
855 2
1936 6
1699 10
64 3
741 1
1404 9
1208 3
1357 3
357 9
374 2
1687 4
76 3
1997 1
1663 8
279 5
346 4
523 4
1103 3
720 10
254 9
1161 9
622 3
444 5
524 8
1006 10
1782 1
716 7
1538 2
1445 10
1678 10
1680 6
1923 3
1480 4
1521 7
1634 7
203 7
280 6
387 2
650 8
937 10
961 2
1654 8
783 8
1954 6
359 4
1958 9
1997 6
324 8
467 9
729 4
231 7
327 9
1361 10
580 1
1893 2
292 9
445 4
216 4
513 4
1659 2
1634 8
1489 2
665 7
1005 9
1132 9
1268 4
247 9
323 7
1925 5
236 5
1156 7
831 2
1802 7
478 8
784 1
938 5
1254 8
88 2
775 4
1452 2
1674 8
172 6
706 9
1168 3
1080 5
170 7
1675 8
2009 8
309 2
512 10
919 4
1251 10
741 7
1962 4
1052 7
646 4
1022 10
1102 10
478 8
1903 2
521 10
1509 7
1902 4
131 8
2038 2
1342 3
61 5
896 5
949 3
1816 10
1820 8
1638 2
1628 3
272 9
540 9
743 7
1302 2
1400 2
733 1
69 4
1788 4
415 8
447 7
794 9
372 9
465 7
1386 1
8 2
104 3
218 5
644 2
1952 7
1348 10
1760 6
992 1
1070 10
1151 4
496 8
1455 10
250 8
967 7
1225 6
458 1
636 7
1284 2
1812 9
141 9
330 10
619 9
817 6
163 10
1225 1
377 10
10 9
284 10
344 3
1775 6
597 6
128 3
335 4
461 6
601 4
2012 6
1394 2
346 1
630 6
1961 5
724 8
689 2
1283 7
777 7
597 8
1621 6
1598 7
2006 2
459 2
733 9
1141 2
903 8
1847 1
1778 9
14 4
175 6
192 3
274 5
72 1
1199 1
102 1
1709 7
36 5
498 6
1047 7
1858 4
1656 7
1903 6
1575 8
1766 4
1538 1
1908 8
1932 9
350 8
467 9
1067 1
482 6
1381 5
1008 4
1512 9
857 6
974 1
1901 4
1672 3
1132 5
113 4
724 6
1652 9
323 2
1063 4
1413 2
939 9
1138 10
237 6
776 1
1411 9
1636 2
538 2
970 10
1199 4
1254 7
1604 3
1687 9
2046 7
1705 6
1810 7
1331 7
1744 9
1937 1
218 7
567 7
1047 1
1374 5
1709 5
1402 2
1496 7
165 7
1153 1
500 5
770 7
881 1
601 9
1329 1
802 9
1493 6
1898 4
567 4
1965 4
794 8
1149 7
1293 1
1122 1
1599 9
1498 4
561 7
835 4
1178 10
1559 3
1711 5
723 1
772 7
1265 7
1082 4
567 5
1360 1
34 4
1855 5
308 3
633 10
1100 9
1273 4
1021 3
232 5
915 10
452 1
1146 3
1769 8
230 4
1804 7
33 9
626 4
1611 1
1682 2
1782 6
856 9
2 3
1553 2
716 1
651 9
1173 5
918 7
473 5
1658 6
561 8
1244 7
1252 2
212 7
490 7
938 7
867 2
972 9
1094 3
86 7
1397 2
158 7
1861 3
1367 2
134 2
1899 10
226 1
1009 6
1460 6
931 1
1760 2
1396 8
402 4
774 2
970 2
1153 3
1395 8
1003 7
612 7
1794 10
1393 2
1237 7
646 10
1995 3
824 2
999 8
1315 7
127 3
715 4
2011 3
45 4
680 2
1237 2
1087 10
1017 10
475 9
609 6
1359 2
15 8
1197 8
1679 9
1815 1
1577 9
1587 7
1020 2
739 5
1658 2
1732 7
1976 7
1953 6
158 8
300 4
888 3
1381 2
724 8
984 8
813 8
1816 6
1533 2
1645 3
655 3
1117 1
810 6
830 5
1217 1
1306 4
1342 9
162 9
1592 4
1025 3
863 6
1412 7
1586 10
343 7
539 10
233 8
737 10
1461 9
1799 7
1937 7
702 4
931 2
1001 4
1482 9
958 1
172 2
804 10
1424 6
967 8
1937 1
91 5
303 7
552 6
853 9
1128 8
1047 8
1681 8
1550 3
261 10
683 1
1163 2
1167 4
2037 6
181 2
1237 1
1378 9
700 4
713 4
289 5
985 1
0 2
601 6
752 5
1405 7
1686 7
671 8
736 10
1587 9
933 9
1069 9
1235 3
1137 3
1377 2
247 3
1644 10
1756 9
342 8
805 10
1826 8
725 3
657 8
649 10
210 1
343 10
1590 6
2026 10
1262 9
1179 4
55 7
258 9
952 10
1276 4
525 2
84 1
1933 1
691 2
402 3
76 7
155 10
438 1
1140 3
1247 4
590 8
74 2
796 4
1602 4
1793 1
53 3
610 5
1118 5
484 4
297 1
477 10
997 3
1512 8
75 3
147 6
660 2
526 9
1703 3
115 6
931 2
1093 9
723 4
779 6
9 7
1198 4
691 3
1518 6
1051 8
392 6
1875 7
1928 1
1938 1
342 5
440 7
1013 5
1408 6
1023 1
2020 7
183 2
818 10
245 6
138 2
647 3
949 3
55 1
1229 5
881 8
1192 3
1132 8
1015 3
1573 3
1580 1
2002 5
471 1
760 4
71 10
26 8
1846 3
1872 8
312 6
714 1
1475 8
141 5
836 6
1786 4
854 8
1060 4
532 1
666 6
571 8
92 1
171 7
268 8
856 2
1894 5
1550 5
309 3
1681 6
1463 8
462 8
832 5
1069 1
1123 7
1468 6
513 9
5 10
10 3
1873 3
165 7
240 7
1314 7
2013 9
1857 5
1864 1
2033 2
464 6
774 8
942 3
947 1
545 6
1458 1
1448 3
281 3
890 9
611 5
1272 2
585 5
1549 3
1336 5
126 4
1990 7
307 3
646 1
954 3
845 1
818 10
241 8
1526 2
1910 8
1289 3
1779 4
1960 2
1736 6
1652 5
1012 10
1541 10
533 6
666 3
2040 1
1983 6
762 7
220 7
527 9
1110 4
805 6
961 4
749 6
1698 5
2012 3
1035 1
397 1
1704 8
1818 10
113 5
684 5
531 6
1221 10
938 9
962 3
625 8
1102 10
670 4
316 6
2011 10
32 6
1026 8
1313 9
1679 1
1345 10
1748 4
1878 8
153 8
804 2
84 5
1856 9
1277 9
1564 5
1744 7
1162 10
1182 8
831 6
1817 3
1923 4
118 5
1434 3
1300 8
1622 2
817 3
1518 3
682 9
371 9
1895 8
1726 1
13 7
669 8
1034 2
912 9
1118 10
1512 7
117 9
352 3
132 6
446 3
899 6
1472 10
997 10
1316 5
1353 2
1950 2
1097 6
1812 4
1656 8
2014 9
613 10
833 9
1143 8
934 6
1831 5
644 8
422 10
176 3
865 10
1263 6
1677 10
712 4
183 3
845 9
1362 10
1093 2
155 9
654 5
1610 2
86 10
1005 10
831 5
27 5
1526 4
130 1
1298 3
702 5
2038 8
436 9
1987 10
682 5
908 8
1434 1
1504 2
611 4
1669 10
4 2
23 4
762 9
969 5
980 3
57 3
969 1
1525 4
1395 6
504 9
380 10
935 1
1792 7
38 10
664 5
725 5
879 5
272 10
1406 9
2013 10
184 9
2023 1
487 7
324 5
821 5
1739 7
177 3
725 8
801 4
1098 10
854 9
1431 8
1045 1
1555 8
1784 4
803 3
1004 2
925 7
1646 2
131 10
570 4
835 1
2042 1
207 7
105 10
1975 4
1644 4
1769 2
185 5
490 1
681 7
221 2
1124 8
1962 5
367 2
1331 1
410 1
1801 3
43 6
699 10
1432 6
1698 4
1144 2
1588 3
1832 2
179 7
917 10
1128 3
1264 2
853 2
1522 1
455 2
460 9
1002 7
1998 6
801 8
934 3
1165 8
1970 3
1877 7
1861 6
1819 4
313 5
882 3
1451 10
875 7
1710 1
1787 6
343 4
1205 10
1324 7
895 9
1991 4
269 3
710 1
1497 8
1550 4
921 6
1859 9
1653 4
84 2
1148 6
1429 8
850 10
1309 8
1576 4
1702 4
1029 7
578 6
740 3
1544 9
58 8
484 9
741 3
2021 8
749 5
1785 1
1534 8
1691 1
785 8
941 3
1301 4
379 1
1272 9
1961 8
792 9
1869 7
1623 6
1647 6
536 5
1346 4
1560 5
1046 4
1830 10
454 3
846 4
1928 1
139 3
640 7
181 6
670 4
977 8
1407 9
283 4
1043 10
1662 8
52 10
1017 3
11 4
159 6
922 10
443 9
1987 8
1981 5
525 3
675 8
1540 3
1947 8
323 6
25 2
568 8
141 9
1319 2
1312 3
941 7
1185 6
1500 10
469 10
23 10
1534 2
1537 4
1792 4
59 9
1170 10
1105 5
854 3
1022 7
1350 2
39 5
611 10
1948 6
2001 8
991 2
725 5
1283 2
207 8
762 9
836 5
1584 8
1239 7
142 4
237 9
869 8
881 4
138 8
413 5
1047 10
1863 2
1323 9
1383 6
823 9
1567 7
949 3
1556 6
1768 8
1166 10
387 7
744 3
1908 5
2009 7
409 4
707 5
761 6
961 10
998 8
1139 8
107 9
528 8
1636 1
254 8
287 5
1943 10
1381 7
201 4
975 5
1301 8
1474 8
1704 2
1893 10
577 1
381 3
1986 4
720 5
1009 1
549 2
735 3
1198 1
1384 4
1874 4
8 1
879 1
202 10
1539 2
680 1
1093 1
1487 10
1839 7
960 8
596 8
1060 10
1705 6
1882 6
666 5
1208 1
690 4
1913 9
1613 2
1944 10
399 10
1072 1
1558 3
1081 7
2043 3
1458 2
1952 2
1972 3
1654 8
1808 9
1586 6
1294 10
1723 9
730 10
868 3
903 5
713 8
1768 6
97 1
32 9
923 5
1944 8
1631 6
29 8
857 5
1257 5
1315 8
1316 6
483 8
842 5
474 5
1356 7
798 3
1829 7
1886 10
101 9
779 9
887 2
934 7
510 4
945 3
1519 5
1536 6
493 7
569 5
805 5
811 9
1076 10
1213 3
1001 2
1895 10
1826 10
696 8
1651 9
1766 2
1375 9
1420 8
1450 7
1266 4
711 3
1311 2
121 1
1729 6
355 3
404 3
558 6
771 9
837 3
95 1
2030 10
60 10
347 10
1887 8
0 2
1962 5
1197 8
469 7
1665 7
903 8
961 2
1310 10
95 5
1772 4
468 5
1657 5
1738 3
1880 1
311 1
788 2
1139 3
1701 5
1761 7
1423 6
1448 3
548 5
613 5
1790 2
1523 3
118 2
840 9
1510 5
624 2
1842 3
160 8
445 3
1830 9
652 7
1835 2
1999 7
914 10
880 10
722 7
1346 7
1713 3
1469 1
1541 8
1604 4
2021 10
1622 8
842 9
1003 5
1206 6
1315 8
1518 3
396 5
547 6
1718 6
1221 3
1983 7
1985 2
393 6
669 2
1096 9
1459 4
1530 6
1849 3
1772 5
113 1
808 5
976 1
1020 9
1127 6
1456 4
302 9
1437 2
1582 2
1716 6
1607 5
1714 2
836 5
1598 6
1922 1
185 3
536 9
499 7
118 7
1533 7
974 9
999 10
1133 5
1525 6
1843 2
1910 1
449 7
928 4
1141 7
866 6
752 7
1124 2
594 2
1319 8
774 3
462 3
587 4
1744 5
1529 7
198 5
1872 9
2022 10
1402 2
1809 3
2003 7
582 7
812 1
1477 8
2042 3
1487 2
2047 7
2035 10
273 6
628 10
736 4
814 6
612 7
1510 6
1919 6
190 6
217 6
1083 7
285 4
704 4
1487 4
54 9
1345 2
1373 1
308 4
1117 4
366 3
1499 2
557 5
28 2
426 1
502 2
712 6
1192 6
1314 8
1485 3
800 8
1942 5
794 2
1972 9
552 6
569 4
1439 10
1522 8
1069 4
148 3
1687 7
2010 9
282 4
810 9
1184 9
963 4
608 1
1968 9
359 7
1604 10
1784 2
1705 1
1845 2
1289 6
1476 9
1883 8
944 4
1284 3
1708 4
1745 3
1152 7
783 10
447 9
1698 7
1994 4
875 9
1976 2
600 5
548 5
327 7
492 6
533 1
595 1
650 10
578 8
1329 4
940 5
1909 8
290 4
1055 4
1282 10
1435 3
168 1
1266 10
1288 3
1595 5
326 6
515 4
1201 2
1431 5
1474 4
688 8
1636 8
1409 3
541 9
1707 1
127 2
681 8
1671 9
132 5
912 8
1019 2
1662 2
745 3
876 2
1390 2
1243 1
103 1
550 2
2001 4
1689 2
1991 4
1897 1
217 4
24 2
686 4
1463 8
923 9
1493 6
1737 10
1067 7
347 8
1585 5
72 2
1013 1
1689 4
1720 7
1654 9
1668 5
272 3
751 3
1061 6
1503 3
2035 4
2030 7
186 4
513 4
816 5
1322 7
1385 3
977 5
849 9
309 6
353 9
792 2
896 4
1019 1
1480 5
909 10
1107 8
791 5
1246 10
474 5
1936 5
1709 6
71 1
518 5
1038 10
952 8
509 3
451 9
819 7
1187 6
301 9
523 8
72 2
243 7
703 10
829 9
974 5
1088 7
1284 5
740 6
8 2
2002 6
1446 5
1784 5
504 6
1339 3
97 1
995 3
1657 2
805 10
1206 8
439 10
649 7
1811 5
2008 3
622 2
1209 9
1493 7
750 8
1580 4
833 10
823 7
1906 9
1957 10
1977 7
2031 10
77 7
121 3
412 1
757 10
799 9
818 4
1141 1
790 4
1314 10
1861 4
762 10
874 4
1040 10
1144 9
990 6
17 8
1603 4
1059 9
611 7
981 2
1788 10
976 10
1077 3
1321 1
2018 5
1935 7
1819 10
26 3
88 9
596 1
650 6
1157 9
652 2
2042 1
1213 10
1311 6
1173 3
1427 3
1592 5
1007 5
501 8
2045 2
110 1
149 10
1373 8
982 8
1699 2
544 3
1475 4
1982 7
97 10
211 7
714 1
1294 6
1400 9
1669 3
640 10
1107 5
1963 9
517 3
504 2
325 10
1132 4
1842 3
185 1
938 4
1929 5
526 8
1044 6
1567 4
1645 7
582 3
1427 1
1136 10
1583 8
1846 9
650 5
971 4
1092 6
1887 10
37 9
77 3
394 4
1526 2
51 8
298 1
1872 3
281 5
1296 1
1085 9
1580 8
538 6
1643 5
1697 4
1881 6
240 10
864 9
1491 8
1677 8
474 4
677 1
1934 7
16 9
107 9
141 1
691 5
524 1
656 5
593 8
1556 5
528 9
1505 6
572 9
451 5
1405 10
667 9
1758 1
192 10
497 4
420 9
1400 7
749 2
1412 9
3 8
6 4
916 6
1051 1
1151 6
80 1
1468 3
1817 5
1910 3
1997 3
5 1
259 9
895 6
1125 9
885 7
704 4
1755 1
1012 9
1415 6
666 9
189 5
1680 7
1618 6
1934 4
507 9
1006 5
1081 6
549 4
524 4
868 3
1093 6
1913 9
836 3
1404 4
1573 5
927 10
473 2
1933 9
1637 5
1685 2
1950 6
181 10
1252 3
366 7
1919 10
1789 8
672 5
1807 5
1735 6
273 6
1315 8
418 5
1998 4
1549 5
157 7
2025 3
1781 2
195 6
336 8
1202 7
1830 5
1024 1
1528 6
416 1
2005 8
1369 7
1894 6
1972 7
634 5
948 8
1384 9
1921 10
653 2
296 10
1054 10
539 4
429 3
1726 8
595 5
1779 2
1855 3
1878 9
1041 2
353 7
1237 7
1911 1
1992 6
293 9
584 10
1418 4
1698 6
1870 6
1987 5
1009 4
1569 4
306 9
953 9
358 8
520 6
999 9
1319 8
1379 3
1522 4
1543 10
506 5
1669 1
539 5
756 1
1628 7
2000 3
540 2
579 3
386 1
1835 10
1753 2
1839 4
2022 5
1962 8
1261 3
198 3
371 1
770 6
871 6
1527 5
1931 9
1128 9
714 4
983 2
669 4
1323 10
1953 10
975 3
1944 3
1227 6
484 8
1768 1
1131 5
424 9
1669 8
2043 6
1298 5
774 9
1455 2
171 4
783 1
828 3
1389 1
206 9
1967 5
1764 2
660 9
1916 4
341 2
1844 1
316 3
1815 6
501 6
960 2
1271 5
1326 6
1154 2
1502 2
938 1
79 9
371 8
215 1
659 2
1659 1
48 3
344 5
348 2
575 4
752 2
764 6
338 5
67 1
654 1
798 7
1776 7
1072 5
1710 1
1642 6
1894 1
2004 10
822 7
903 7
1873 4
1635 4
125 7
775 2
1590 6
1322 7
755 9
311 5
307 3
332 7
969 5
1212 10
264 5
844 3
853 5
960 6
1631 6
1369 6
1022 8
362 7
2005 9
1867 4
898 7
1196 6
1448 2
1917 2
1522 8
559 5
1889 8
1191 4
1479 6
91 9
55 6
217 5
734 9
1191 1
654 1
1957 1
1752 2
1892 3
1901 10
775 4
359 4
856 5
2030 3
294 2
372 9
451 9
466 3
593 6
734 6
1242 4
1768 3
840 9
273 4
1873 3
188 2
825 3
891 2
1182 5
570 3
1324 6
1952 9
260 1
298 9
1008 2
1358 3
1887 9
772 1
1284 6
1604 7
309 1
1961 6
123 10
355 5
1187 1
478 9
922 9
1116 1
1507 6
1620 6
96 6
486 2
840 7
127 1
1669 9
1997 5
1912 2
550 4
837 1
1058 8
1312 9
1684 3
2012 6
857 5
1991 3
289 1
1061 1
1161 9
1350 8
1256 9
1346 7
1681 4
906 5
910 2
948 6
1160 5
1617 4
1885 2
340 2
1690 9
1238 9
1550 8
1827 10
1337 2
1495 1
1378 2
631 1
124 9
1654 1
1592 5
1863 10
26 7
329 6
469 4
1358 2
1777 4
2013 8
270 8
1305 2
171 9
112 5
2019 2
297 10
1049 5
678 2
267 4
443 10
1252 4
624 9
1122 5
835 2
1288 8
666 4
32 1
475 2
556 8
659 1
1616 6
1207 6
469 3
470 10
758 1
737 10
1583 5
1292 3
1770 1
120 6
334 5
799 9
1274 4
937 4
1413 10
1973 6
1465 4
1879 9
642 10
1580 7
1831 8
1402 3
1250 8
921 7
29 5
437 1
1765 8
1464 2
1794 2
33 6
1479 6
1305 9
1080 7
1902 10
813 8
248 5
1228 10
525 8
108 6
129 2
1138 8
1982 8
142 3
695 5
411 5
590 8
1015 8
840 4
1650 10
1650 10
1667 9
1693 2
471 7
1067 4
1086 8
1127 2
1331 8
1227 7
1511 9
1962 5
214 1
676 8
1439 5
1151 6
370 5
1376 9
1272 2
1836 8
593 1
1474 4
895 1
903 10
1976 1
572 2
688 7
943 9
1264 10
1347 8
1504 8
1637 1
1796 9
1329 1
200 4
1557 9
34 9
622 7
663 10
132 8
1996 3
1854 10
444 3
960 6
1372 7
1149 10
1452 8
1770 1
151 5
313 3
1565 2
1516 5
1868 2
873 7
334 3
1401 2
886 8
557 8
1391 6
113 4
1779 2
1822 4
1932 7
1350 2
247 1
1614 1
1816 5
622 6
1191 9
243 1
1679 3
455 6
2001 4
164 8
320 7
823 7
843 9
983 7
497 6
576 5
886 9
1482 8
1552 2
2033 10
2006 1
111 10
286 2
349 7
1200 7
1343 8
928 8
1130 8
1135 6
532 9
96 8
1873 5
357 2
584 5
395 4
1886 7
1060 4
1515 7
476 5
517 5
709 9
891 3
392 4
1732 2
603 8
1018 4
1231 7
1650 9
252 4
560 6
945 1
1557 5
1960 2
818 7
1092 8
1577 3
1604 1
1632 9
1609 8
1458 10
971 8
1115 10
960 7
1133 10
1895 2
2017 8
5 9
400 7
714 10
1234 10
1551 9
1684 8
1823 5
119 6
1120 9
251 7
766 5
359 1
1375 3
2012 7
681 10
1330 5
217 2
333 7
578 3
1233 9
775 5
374 5
506 8
1353 8
1909 3
2000 4
171 5
262 7
398 4
700 7
1132 9
546 6
1354 8
58 5
579 7
671 9
737 4
1260 7
1161 9
201 2
733 1
1114 3
1454 10
1584 8
1897 9
1813 8
660 8
1820 3
1346 10
264 4
1831 4
1025 8
472 9
580 1
1400 9
1445 1
1660 3
696 4
1914 4
280 7
554 8
578 9
608 8
806 3
967 2
1346 6
1590 7
770 8
692 4
582 2
1120 9
1409 8
1431 6
1928 10
1634 4
136 9
1941 3
228 9
1389 2
455 4
49 10
1684 5
1966 6
562 2
601 4
193 8
859 7
1043 2
1633 3
1671 8
59 6
194 7
1682 5
1905 10
921 9
419 4
1592 2
1954 2
1846 10
1872 9
34 2
105 10
715 7
1223 3
1412 7
968 1
2002 8
1262 8
1200 4
22 5
1147 8
1244 6
1343 4
1379 9
1541 7
592 4
817 6
1951 6
685 6
1018 5
585 6
1165 6
1935 7
1963 1
618 7
740 5
1092 5
1554 2
1557 4
160 5
128 8
1029 2
809 10
1635 9
1704 3
411 3
1477 1
12 9
1132 3
559 5
958 3
640 9
1753 2
600 8
488 4
1650 2
73 8
259 7
614 3
709 4
1040 5
952 1
1073 4
1798 3
1024 4
498 10
643 9
1784 5
1143 9
1326 6
655 2
171 8
1046 5
1964 10
1583 4
1865 6
67 10
167 10
566 5
1286 9
1468 4
1546 7
1602 6
1740 3
325 6
1441 5
630 3
1234 2
1575 2
1341 10
1258 9
7 1
1803 1
1823 3
340 1
660 6
496 7
836 2
2041 6
414 6
1053 2
1517 5
1827 9
1803 2
434 7
2046 9
1476 4
917 1
502 6
1201 10
1760 7
1860 2
1421 3
1284 4
610 2
40 10
440 5
1108 9
1131 9
1497 2
1690 3
1184 6
196 9
1442 8
754 8
367 5
1327 9
1380 6
1501 6
53 4
1543 1
254 2
1302 4
1941 2
472 4
741 2
1707 10
1707 10
1550 1
1868 2
512 1
1757 10
1857 8
278 9
357 1
388 1
816 10
1545 4
1107 2
54 8
1287 6
1864 4
118 6
134 1
192 5
209 8
239 5
1275 4
1381 5
1371 7
1561 6
1616 1
2035 8
1472 1
52 2
836 5
1212 8
827 1
757 2
1861 3
1385 5
236 9
1761 3
178 4
178 9
810 8
1915 9
1996 1
1048 10
1307 7
271 1
1521 3
1778 10
716 4
179 1
247 2
863 10
891 7
1270 5
96 2
1714 6
1714 6
1527 2
346 2
1813 10
143 3
1071 4
595 1
1133 4
1527 6
262 9
1760 5
922 2
1832 6
1793 8
589 6
350 6
1864 6
4 3
1057 10
1282 6
1523 6
384 7
735 6
1895 5
1971 9
1971 7
65 10
116 4
407 6
1149 5
1185 1
707 8
977 8
1845 8
1822 7
2036 3
669 1
724 5
893 2
1104 5
1557 7
1226 8
438 7
581 9
669 4
671 1
860 2
138 8
505 2
1167 10
2028 7
2042 4
1262 3
1723 3
384 7
1722 3
1505 9
622 7
186 8
699 2
942 5
773 7
57 2
1948 6
398 7
1771 7
915 9
713 2
1600 8
19 4
1449 1
1914 9
415 6
1003 3
487 9
718 1
1014 6
2003 10
421 5
1132 5
511 9
577 8
661 4
389 2
1512 6
60 5
1165 10
190 3
153 4
1231 8
129 5
1276 6
235 7
1401 7
1666 2
1944 6
710 2
265 1
1049 3
1922 3
139 2
504 3
866 5
1326 4
1068 1
1018 9
1594 6
1037 2
20 3
575 5
503 7
901 9
98 1
1438 6
1556 10
1070 5
2012 9
547 10
880 2
1516 3
386 3
475 8
727 7
583 7
1792 2
1462 7
1910 5
1698 3
30 7
493 8
114 1
766 9
1126 10
1841 4
941 3
250 2
132 2
1253 3
484 5
678 7
1242 7
2 3
1823 6
1134 2
1380 9
239 7
1446 7
1532 5
1757 3
1918 6
241 2
704 6
706 6
937 7
950 8
1545 3
892 3
1817 7
270 7
1214 2
2006 4
1215 8
515 7
709 10
619 4
1445 4
44 5
49 4
994 9
1947 3
2037 6
354 6
695 7
862 3
2002 6
421 9
968 7
1939 1
613 5
1989 9
1138 4
62 4
1030 4
585 6
857 10
1074 5
484 5
1624 2
226 8
803 9
1938 6
791 6
1022 8
1605 2
1989 3
1692 2
1011 1
1938 2
318 6
1154 8
1589 1
510 2
3 9
1806 4
1413 9
1782 5
772 6
1314 8
1707 10
1744 3
448 9
753 5
827 2
939 6
1033 1
393 10
1586 1
538 10
585 9
706 3
900 1
1896 5
1395 2
1716 5
1361 6
553 6
1051 8
1702 7
2023 5
287 2
358 2
1712 3
1069 8
1898 3
1517 7
31 9
46 4
1164 5
1056 7
624 6
17 10
1327 8
1164 1
1299 9
1611 2
31 10
437 4
428 9
386 7
1646 8
172 2
936 3
130 5
1819 5
489 7
1290 10
1373 4
1511 2
904 4
2003 7
22 1
583 2
1233 7
969 6
1212 7
624 3
1785 10
1891 1
327 10
449 2
971 6
1506 6
1609 1
1626 3
1148 7
959 1
1493 8
832 6
1847 10
547 4
1388 8
1782 4
737 8
1465 2
448 5
1081 8
1643 1
495 9
1068 1
1656 1
318 8
1725 7
220 4
426 8
1990 8
23 3
29 1
1516 4
1525 5
1311 5
558 3
592 10
914 1
492 7
1290 8
739 3
100 9
512 3
1982 8
371 7
33 8
592 3
972 2
1365 6
1000 9
118 6
250 2
39 7
93 4
238 4
1080 5
1616 7
765 3
500 10
425 7
329 6
5 1
1638 4
613 10
848 7
59 5
64 2
1713 10
533 10
1370 9
588 7
1054 1
1327 8
1438 4
1658 2
1066 3
1600 2
573 7
69 2
1120 1
1135 3
1279 9
62 4
328 8
90 6
1170 8
1197 7
1596 2
150 9
1991 10
104 8
797 5
1010 8
1288 9
1345 1
1769 4
2017 9
1389 6
1052 8
1756 5
195 2
416 4
1217 8
1870 4
487 8
580 9
543 6
1543 2
554 7
1695 5
1463 4
1564 5
661 6
1477 1
1129 2
1012 10
603 6
1767 10
1920 3
1849 7
102 4
1429 4
137 6
242 5
493 7
660 3
1183 3
1472 6
68 4
563 7
1278 1
1570 10
1359 4
516 10
1938 10
317 4
1999 1
1593 8
659 1
1241 8
705 5
1055 5
1518 2
384 1
522 7
66 10
2036 7
328 10
406 9
543 1
1979 5
251 4
648 7
120 8
1899 7
593 1
1739 2
1487 4
961 8
1460 7
1112 2
1916 9
2040 9
19 6
439 4
1717 8
1418 1
805 7
1829 5
166 9
1646 2
1396 10
416 4
1893 1
1263 3
462 5
1078 4
622 4
390 7
407 2
589 6
1654 9
529 3
145 5
543 2
635 10
947 1
1324 3
1287 5
1187 8
521 6
821 9
849 2
1694 3
913 1
425 2
857 5
883 6
958 6
982 4
1281 8
1406 7
425 7
1097 10
256 10
1809 9
234 9
1944 2
372 2
430 10
456 4
465 3
786 1
1025 3
1101 6
1467 3
1051 2
323 9
12 10
301 9
246 7
150 3
1352 7
274 1
1881 8
257 6
1699 1
1701 2
471 1
701 6
120 5
873 9
1388 7
601 10
1897 1
2026 4
510 5
778 5
949 4
577 8
328 7
791 8
619 3
751 1
1070 2
1756 4
1996 2
1303 8
1108 9
1846 9
1931 9
164 1
756 7
1594 5
1993 9
267 1
1266 7
1083 7
1825 4
987 7
1178 9
1195 8
1223 8
459 10
314 10
884 7
1504 9
1985 5
909 10
1004 8
1800 9
881 5
1533 3
449 6
130 1
181 10
737 9
1131 9
1380 7
1288 4
351 9
1004 4
159 3
202 4
302 4
506 2
913 1
1015 6
777 7
1566 5
879 5
888 8
1452 4
318 5
1880 2
1363 9
501 3
1819 2
355 9
1677 8
1714 10
1169 2
817 2
893 4
939 1
1230 8
0 3
1400 1
379 1
1612 6
1196 4
667 2
1358 10
1402 6
1659 5
1934 3
206 1
213 6
985 10
1746 7
1588 5
1062 2
1447 3
1442 10
765 2
1863 8
721 4
1471 4
1571 10
1765 5
1812 2
1990 7
911 1
1302 5
1358 8
294 10
2026 2
969 1
1677 3
1828 7
722 10
735 8
897 5
910 7
1039 6
1252 4
2030 5
1268 1
1041 2
1022 8
1826 6
1942 10
1947 3
94 5
141 4
947 3
1658 4
1719 7
880 4
1671 5
1743 6
1287 4
1699 3
426 7
360 5
821 4
780 9
551 2
336 4
201 4
303 7
1125 10
983 3
1915 8
1070 2
1807 4
1414 8
1511 10
2040 4
158 3
1821 6
687 5
249 6
378 1
910 9
1636 10
1701 9
322 7
1973 8
1932 1
196 3
678 6
989 7
1006 5
2024 9
1820 7
951 10
2043 7
228 3
398 10
326 6
1509 7
1793 5
747 5
781 1
817 1
1520 9
1597 5
1480 10
824 10
236 6
610 10
1312 7
1453 5
1645 8
1678 4
335 7
372 5
469 5
1247 8
494 3
1035 7
1717 6
84 8
1468 2
138 3
662 10
1220 6
201 8
883 5
2039 9
64 1
253 9
282 5
195 3
728 9
1873 8
1030 2
1285 10
1605 10
586 9
438 8
1520 2
474 10
50 9
210 3
1292 3
1652 8
588 9
95 4
648 5
1197 2
1214 5
175 6
985 7
61 8
1207 8
1260 6
1500 7
1605 4
588 2
1949 10
1855 7
561 9
880 6
1091 7
1240 10
919 2
197 8
857 7
230 10
936 7
1741 4
254 9
554 4
619 8
812 8
815 1
1090 7
1579 3
449 3
1330 1
1519 3
920 3
1875 4
1530 2
807 10
971 6
418 7
530 1
1087 9
1612 1
979 7
349 4
262 10
369 10
899 4
1196 4
1719 8
430 1
71 8
1543 2
412 8
169 5
765 1
784 10
1261 10
1685 10
1806 9
1580 9
1428 3
476 2
1185 3
1370 1
1768 10
782 2
1283 1
1141 1
1871 1
280 4
579 8
736 9
1525 3
1786 7
1217 1
779 1
786 5
1943 7
541 1
973 3
1323 2
741 5
1029 7
1973 8
2034 1
309 6
496 10
1948 7
1323 1
1992 1
729 9
1073 2
28 7
315 1
851 7
1919 5
573 6
1056 8
1312 2
1982 2
204 6
799 3
1655 10
936 5
398 1
107 3
370 2
745 10
973 2
1099 6
296 3
1386 5
1839 7
1600 3
189 10
539 10
1231 3
1446 9
881 2
1928 5
409 3
1194 3
1433 5
1029 3
1707 8
2031 4
273 7
1176 6
1372 4
1986 9
266 8
503 6
1011 6
481 9
1474 9
346 4
10 8
1988 9
965 8
995 3
1274 4
386 6
1702 2
2041 7
413 7
645 5
1044 7
1176 5
1295 9
1471 6
1711 3
414 9
1568 4
1393 3
464 2
1263 8
765 5
1902 8
996 4
1968 5
113 3
1637 10
1492 2
1818 8
662 7
85 1
340 10
1708 4
1717 6
1433 1
1881 9
2009 1
502 10
675 7
696 5
896 7
1697 6
631 3
440 8
2033 2
198 7
30 10
335 8
892 5
946 6
1621 4
302 9
590 6
1124 1
1959 4
604 6
1305 9
1657 2
1707 2
1037 7
1966 4
382 6
850 1
1479 7
467 4
1181 6
1026 4
1783 4
1602 6
854 10
1848 1
126 10
1533 9
1685 9
1428 8
1582 3
213 6
227 5
1059 10
1098 9
1617 4
1664 5
1834 8
1626 3
1432 3
385 1
674 10
1240 10
1498 4
121 10
202 10
248 8
359 5
1842 4
520 7
1423 7
31 3
569 1
1940 10
477 8
945 1
1471 7
546 4
735 2
1194 2
1282 8
850 2
1600 9
1445 8
1885 10
262 6
760 2
603 9
1644 9
424 3
890 6
1812 2
110 6
1516 1
990 6
321 7
483 6
1802 8
1583 6
1864 9
1969 3
860 2
944 4
1085 5
1501 6
1196 1
121 9
2037 2
1544 8
45 4
1984 5
418 2
207 6
922 10
944 9
1052 2
1180 3
466 6
1183 3
1237 3
1635 2
1878 10
485 9
1148 3
943 6
1324 7
1665 7
439 7
104 2
1509 10
1514 8
1628 9
1581 10
597 8
2001 1
159 1
255 6
597 1
166 2
549 1
1251 10
1306 2
1622 8
1234 1
2010 6
763 3
1994 7
906 6
1187 2
161 7
190 1
1336 6
2026 9
506 1
1767 1
185 1
197 6
891 2
91 4
1624 3
1948 7
389 3
1338 1
1349 2
1497 10
1794 1
1908 1
886 9
1334 3
1979 6
1431 5
1598 6
1616 1
1934 3
702 2
1003 3
1266 1
1329 8
1449 8
1511 10
674 10
1670 2
1718 5
1047 6
1232 7
1311 1
1759 5
399 2
1146 7
1222 7
157 5
1029 3
1554 1
1677 9
1804 1
747 9
302 4
992 5
1276 1
1332 2
1383 4
1761 3
346 9
2042 10
784 10
2014 9
1394 10
478 1
1791 7
1936 6
27 7
497 6
769 4
1211 3
616 4
938 9
989 10
923 8
1290 5
1375 4
675 2
372 8
402 9
1624 10
1098 2
1267 4
1862 8
934 3
114 5
1647 10
1356 4
608 1
1292 9
1356 2
336 8
1372 6
753 8
1289 4
940 6
329 6
390 3
831 3
1684 10
949 10
102 5
122 9
172 9
324 9
1097 10
335 10
1567 9
400 9
109 5
827 6
980 2
1909 10
701 7
17 4
26 7
166 10
636 4
646 7
722 7
781 10
1215 4
1893 1
1373 8
1494 5
2010 3
2040 9
739 8
924 10
1067 2
1324 2
1907 10
1674 3
1548 8
710 2
1967 2
405 10
1042 3
1438 8
1530 1
1739 5
1588 3
2023 2
787 5
1601 1
1287 5
1632 2
273 9
126 8
334 9
1502 9
629 10
602 8
564 2
1591 9
2027 3
828 5
845 10
1078 8
1679 4
5 1
438 9
1726 9
1978 9
133 4
1825 8
285 10
1083 5
1712 9
1923 5
1195 8
1611 4
1792 9
585 2
196 8
1227 8
1622 2
1067 1
503 2
2041 9
1297 7
752 9
397 2
1744 6
689 3
1047 2
1536 6
1593 10
464 4
1852 5
609 4
645 2
2033 7
1027 6
1785 3
948 1
1936 10
513 2
1599 10
771 3
908 1
448 1
1926 3
302 9
763 9
1528 1
1733 3
410 9
1045 6
1236 6
1346 3
1915 5
1027 5
1447 4
438 7
108 7
128 5
128 3
727 6
719 4
1351 5
70 3
401 5
1921 3
923 3
745 9
968 3
621 6
719 8
258 10
1481 1
1681 10
1856 5
1423 1
833 2
321 3
2024 6
508 5
637 1
749 6
474 10
1579 5
667 4
1975 5
218 9
1985 6
199 10
492 9
256 4
505 7
1607 9
772 5
1806 9
1257 6
1827 1
116 8
86 5
1373 9
1658 7
167 9
200 4
1417 1
1592 9
1030 2
832 10
386 9
465 4
604 1
1816 3
1894 3
1996 5
599 4
1584 7
1590 4
251 10
943 6
944 7
1571 7
1688 7
1071 5
655 1
233 4
263 5
1172 1
1312 4
1341 6
1561 5
1267 7
1899 6
1920 10
807 9
1077 3
632 10
1380 1
1408 1
1406 7
408 1
427 6
474 1
1103 3
1754 2
1788 10
1423 1
1752 6
841 10
780 7
952 1
1750 1
159 5
1267 7
92 1
473 3
1876 10
215 2
1980 3
2046 2
419 8
10 2
521 3
1288 7
1681 3
353 10
1706 2
1993 9
1333 8
140 10
1540 5
1106 9
1821 10
71 5
1496 10
595 1
1849 7
45 6
274 3
450 10
643 10
1507 8
1608 3
1732 6
1502 10
1800 2
31 9
34 6
840 4
407 9
416 4
823 10
2019 4
498 3
1485 8
1749 3
835 6
1961 6
1821 3
716 8
1071 8
1724 6
1851 7
665 10
1489 6
1287 5
1892 7
265 4
1839 10
118 8
454 5
338 5
1012 6
470 7
851 9
1452 2
1017 6
1023 10
1070 2
1592 6
229 1
811 3
877 3
916 9
1306 9
654 7
1687 6
300 5
519 8
634 8
1361 7
1504 2
1155 10
1627 9
1608 10
1401 6
315 7
226 7
1347 6
1685 2
970 1
1128 2
2045 4
535 4
609 8
954 7
730 6
893 4
2032 6
61 1
162 2
605 5
938 8
1226 1
131 10
320 2
483 1
602 1
912 8
1624 1
122 8
1567 10
176 10
27 4
36 2
82 3
1214 10
1023 7
1347 9
992 8
1867 4
562 3
22 5
756 5
1438 2
206 1
1668 2
885 8
81 5
1024 7
1368 5
1629 6
1947 6
1478 8
292 3
18 5
443 4
766 8
1013 2
1016 7
1355 4
1466 5
1515 5
1606 8
158 3
1651 5
463 9
592 6
1578 9
656 9
357 3
1688 1
618 1
647 9
1697 10
630 1
1157 2
122 4
684 6
1383 4
1166 1
215 9
556 6
716 4
1868 4
1682 6
81 4
468 9
626 4
1036 5
1611 5
1909 2
2041 2
808 8
321 9
333 7
338 7
436 6
1072 6
1275 5
1542 9
1862 5
951 2
107 9
227 3
1019 3
1133 7
1881 3
798 4
1102 4
1471 3
944 1
945 6
185 6
304 1
839 10
1150 4
473 4
1718 9
1718 7
503 2
860 2
1504 3
1598 7
1540 9
1267 2
71 3
119 5
272 2
1644 6
1827 8
242 5
1850 8
2022 5
818 5
780 6
1148 2
958 8
545 6
239 4
2001 2
1465 4
1285 3
972 5
1929 5
70 7
586 7
1401 7
1547 2
1653 1
998 1
5 6
105 2
220 8
753 5
976 5
1567 7
320 9
1914 9
527 2
1033 10
444 5
1023 1
1193 6
1791 5
1159 9
1893 6
793 4
565 5
1940 3
463 7
598 10
152 10
392 3
1484 5
729 5
156 1
307 10
1576 7
1649 8
1774 8
1853 2
589 1
122 4
91 3
567 9
902 9
1299 2
1440 6
1524 7
1994 7
379 9
76 6
248 8
1883 5
1265 7
1161 10
935 7
1524 2
1930 6
1162 2
1808 5
1095 7
1306 1
694 9
1022 3
1858 9
911 1
561 9
1250 6
1497 4
2010 1
2025 8
673 8
692 1
1123 6
1148 10
1484 8
1265 2
990 3
1457 10
1602 5
72 4
1859 9
833 10
1751 9
1753 3
462 10
668 2
960 8
1436 7
1103 8
1819 7
563 10
1771 8
869 2
1554 4
2 2
1473 4
1781 10
1633 3
517 1
632 1
1602 6
1851 1
817 6
986 5
307 8
263 2
729 1
1059 1
1807 9
1941 9
161 6
134 4
1192 9
1238 9
1546 4
1983 7
724 6
1889 7
2016 5
356 3
1397 3
93 1
301 4
177 9
1098 1
1655 3
1806 2
1934 5
1712 1
1028 3
673 6
309 6
791 4
1236 6
1343 1
1632 5
810 4
1588 3
1347 6
1595 4
41 1
1470 6
522 10
647 2
704 8
1789 1
2027 6
1520 7
849 5
535 5
94 9
1674 4
1080 2
100 7
1604 3
479 7
500 8
526 10
832 3
1554 4
1660 4
1974 2
1489 8
1887 1
214 8
992 9
1564 6
1686 8
1750 6
1427 5
142 7
205 4
570 9
1021 3
1728 10
1766 7
1533 7
1325 10
312 7
473 7
1142 6
1183 6
1616 10
778 4
1025 4
152 4
1598 8
1621 9
423 9
820 9
1662 1
1747 4
170 3
655 9
1369 2
1060 4
562 5
728 10
1220 6
1081 10
394 10
2045 6
558 5
954 4
73 2
1566 3
17 2
1052 7
1066 4
1354 8
1494 7
1864 1
216 10
140 6
281 3
1889 6
1908 3
214 3
1 9
1986 1
1541 9
1051 7
1444 10
1398 3
1150 8
707 1
872 1
1367 6
1633 6
1737 9
1672 7
1264 9
1441 3
625 6
1433 9
1461 10
1638 8
65 7
682 7
946 5
613 5
1898 9
72 10
505 1
1452 9
1276 9
983 2
833 10
409 3
377 4
470 3
653 2
1223 9
1994 5
724 7
149 10
381 9
749 10
1038 1
1123 3
1198 7
1255 4
1782 9
1670 8
296 4
1288 2
283 5
370 1
395 6
467 10
1571 5
1003 6
1053 2
1139 2
1946 4
1007 2
787 2
1232 7
1639 2
1086 3
1196 10
1424 7
630 3
1031 10
332 3
759 7
915 9
1477 8
1522 10
758 6
684 9
482 5
961 7
1533 10
1973 5
376 7
1605 5
182 9
815 1
1462 1
1910 2
1760 5
753 4
1134 4
1828 9
1276 3
1329 2
490 6
1928 6
490 4
491 6
1596 3
390 1
1986 8
242 9
373 10
437 4
1415 10
1820 2
1891 9
1804 4
185 1
653 9
1999 6
1319 8
1913 3
741 4
257 5
513 10
1722 7
709 3
539 1
670 9
1267 7
615 9
1513 10
1558 7
1821 5
1337 6
1625 3
173 9
853 6
980 5
1567 10
354 2
1857 4
582 9
977 10
1955 6
618 6
884 5
1662 10
1866 2
1433 2
214 5
1919 7
1160 9
1099 9
1850 1
1300 1
1067 7
889 5
359 8
386 4
460 7
875 2
1535 10
1558 4
1710 8
1058 1
392 1
448 10
400 3
1107 6
1790 7
1719 3
262 10
366 4
571 10
1410 6
1749 6
1882 2
1270 10
1159 1
310 2
1024 1
1357 2
1457 8
638 8
1210 6
35 2
641 5
335 8
1833 9
1264 4
1440 1
1826 4
1908 9
1792 9
1282 6
986 3
1327 6
40 9
1700 6
1917 9
1967 2
711 9
618 2
1860 7
978 10
1465 1
1534 3
1572 1
1722 4
1898 10
104 4
542 7
197 6
56 1
416 2
1828 7
1503 3
1609 6
499 10
223 5
305 7
1138 6
1060 5
1574 2
560 6
2007 6
1954 4
134 5
1318 4
1940 2
1701 9
1118 2
1110 1
1379 7
840 5
1534 7
128 1
866 8
