1024
0 7
7 8
15 5
20 3
23 3
26 6
32 4
36 9
45 5
50 7
57 5
62 8
70 9
79 5
84 4
88 9
97 8
105 9
114 5
119 7
126 6
132 6
138 9
147 11
158 5
163 6
169 7
176 12
188 5
193 8
201 9
210 5
215 6
221 8
229 7
236 7
243 4
247 5
252 5
257 4
261 7
268 8
276 7
283 4
287 8
295 11
306 6
312 5
317 6
323 7
330 7
337 7
344 7
351 6
357 4
361 6
367 5
372 4
376 6
382 6
388 8
396 5
401 6
407 10
417 6
423 9
432 7
439 9
448 6
454 7
461 8
469 6
475 5
480 7
487 7
494 5
499 7
506 8
514 3
517 5
522 6
528 6
534 7
541 4
545 4
549 4
553 5
558 6
564 7
571 6
577 6
583 9
592 8
600 8
608 5
613 5
618 7
625 5
630 3
633 4
637 5
642 7
649 6
655 4
659 7
666 3
669 7
676 6
682 8
690 4
694 6
700 8
708 5
713 11
724 9
733 5
738 5
743 5
748 6
754 5
759 6
765 6
771 7
778 10
788 7
795 4
799 5
804 6
810 7
817 6
823 8
831 5
836 5
841 4
845 6
851 5
856 8
864 4
868 7
875 7
882 7
889 8
897 6
903 5
908 8
916 7
923 8
931 5
936 5
941 8
949 4
953 6
959 7
966 5
971 4
975 8
983 5
988 4
992 4
996 7
1003 3
1006 5
1011 6
1017 9
1026 7
1033 7
1040 6
1046 8
1054 6
1060 5
1065 4
1069 5
1074 8
1082 6
1088 5
1093 6
1099 7
1106 4
1110 7
1117 10
1127 5
1132 6
1138 5
1143 4
1147 5
1152 8
1160 7
1167 6
1173 5
1178 7
1185 5
1190 4
1194 6
1200 6
1206 5
1211 4
1215 6
1221 9
1230 5
1235 5
1240 5
1245 5
1250 6
1256 4
1260 7
1267 11
1278 4
1282 4
1286 6
1292 7
1299 12
1311 5
1316 6
1322 9
1331 5
1336 8
1344 8
1352 6
1358 3
1361 6
1367 5
1372 9
1381 3
1384 5
1389 4
1393 5
1398 6
1404 7
1411 8
1419 4
1423 10
1433 4
1437 6
1443 6
1449 5
1454 7
1461 5
1466 4
1470 12
1482 5
1487 6
1493 7
1500 7
1507 7
1514 4
1518 4
1522 4
1526 7
1533 6
1539 9
1548 5
1553 7
1560 4
1564 4
1568 3
1571 4
1575 2
1577 6
1583 7
1590 5
1595 5
1600 7
1607 5
1612 3
1615 9
1624 7
1631 4
1635 10
1645 6
1651 4
1655 7
1662 5
1667 8
1675 4
1679 9
1688 8
1696 3
1699 3
1702 6
1708 4
1712 11
1723 6
1729 5
1734 7
1741 4
1745 6
1751 7
1758 9
1767 7
1774 7
1781 9
1790 4
1794 5
1799 6
1805 3
1808 5
1813 8
1821 8
1829 4
1833 8
1841 6
1847 8
1855 5
1860 6
1866 4
1870 7
1877 9
1886 3
1889 5
1894 10
1904 5
1909 6
1915 9
1924 5
1929 5
1934 6
1940 6
1946 5
1951 6
1957 5
1962 6
1968 8
1976 6
1982 7
1989 4
1993 6
1999 5
2004 4
2008 5
2013 6
2019 7
2026 5
2031 5
2036 5
2041 6
2047 7
2054 8
2062 4
2066 9
2075 4
2079 4
2083 6
2089 10
2099 7
2106 8
2114 3
2117 7
2124 2
2126 4
2130 7
2137 4
2141 3
2144 8
2152 4
2156 4
2160 4
2164 7
2171 9
2180 6
2186 6
2192 6
2198 4
2202 6
2208 5
2213 5
2218 5
2223 8
2231 5
2236 4
2240 4
2244 8
2252 6
2258 6
2264 6
2270 3
2273 5
2278 9
2287 8
2295 7
2302 8
2310 3
2313 5
2318 4
2322 4
2326 4
2330 6
2336 9
2345 5
2350 4
2354 4
2358 5
2363 7
2370 6
2376 5
2381 5
2386 6
2392 5
2397 6
2403 6
2409 10
2419 10
2429 6
2435 5
2440 8
2448 5
2453 7
2460 7
2467 4
2471 6
2477 2
2479 5
2484 4
2488 7
2495 5
2500 5
2505 5
2510 5
2515 6
2521 6
2527 3
2530 3
2533 5
2538 6
2544 8
2552 8
2560 8
2568 6
2574 4
2578 5
2583 9
2592 5
2597 5
2602 6
2608 5
2613 6
2619 5
2624 6
2630 5
2635 6
2641 5
2646 8
2654 5
2659 9
2668 5
2673 9
2682 5
2687 6
2693 9
2702 7
2709 2
2711 6
2717 7
2724 8
2732 3
2735 5
2740 7
2747 5
2752 6
2758 8
2766 7
2773 3
2776 6
2782 10
2792 5
2797 6
2803 2
2805 4
2809 8
2817 7
2824 5
2829 7
2836 7
2843 7
2850 4
2854 6
2860 10
2870 6
2876 7
2883 7
2890 9
2899 2
2901 7
2908 4
2912 5
2917 8
2925 4
2929 4
2933 7
2940 6
2946 4
2950 6
2956 3
2959 8
2967 5
2972 6
2978 5
2983 6
2989 10
2999 8
3007 5
3012 6
3018 3
3021 7
3028 5
3033 7
3040 3
3043 5
3048 4
3052 2
3054 4
3058 4
3062 6
3068 6
3074 4
3078 4
3082 6
3088 6
3094 7
3101 7
3108 4
3112 7
3119 5
3124 8
3132 7
3139 6
3145 4
3149 8
3157 4
3161 6
3167 5
3172 5
3177 4
3181 8
3189 6
3195 4
3199 6
3205 9
3214 6
3220 5
3225 3
3228 4
3232 4
3236 6
3242 11
3253 5
3258 7
3265 5
3270 5
3275 6
3281 2
3283 5
3288 4
3292 7
3299 6
3305 5
3310 4
3314 5
3319 6
3325 6
3331 7
3338 9
3347 6
3353 5
3358 6
3364 3
3367 5
3372 4
3376 11
3387 6
3393 6
3399 4
3403 4
3407 5
3412 4
3416 4
3420 5
3425 6
3431 6
3437 6
3443 9
3452 6
3458 7
3465 5
3470 3
3473 6
3479 4
3483 4
3487 9
3496 5
3501 5
3506 4
3510 7
3517 7
3524 5
3529 8
3537 8
3545 7
3552 9
3561 2
3563 3
3566 8
3574 6
3580 8
3588 4
3592 6
3598 4
3602 9
3611 4
3615 8
3623 8
3631 6
3637 3
3640 5
3645 7
3652 4
3656 6
3662 7
3669 8
3677 10
3687 7
3694 6
3700 6
3706 4
3710 11
3721 8
3729 5
3734 7
3741 5
3746 7
3753 6
3759 7
3766 5
3771 5
3776 7
3783 7
3790 6
3796 7
3803 6
3809 5
3814 5
3819 8
3827 4
3831 7
3838 4
3842 5
3847 3
3850 5
3855 6
3861 6
3867 7
3874 10
3884 6
3890 7
3897 7
3904 2
3906 8
3914 8
3922 9
3931 5
3936 5
3941 8
3949 5
3954 3
3957 4
3961 7
3968 7
3975 6
3981 5
3986 7
3993 4
3997 5
4002 6
4008 8
4016 9
4025 5
4030 6
4036 6
4042 8
4050 6
4056 9
4065 9
4074 7
4081 7
4088 5
4093 7
4100 8
4108 6
4114 4
4118 4
4122 7
4129 5
4134 5
4139 5
4144 6
4150 5
4155 4
4159 5
4164 4
4168 6
4174 6
4180 5
4185 6
4191 3
4194 8
4202 10
4212 6
4218 8
4226 8
4234 5
4239 7
4246 4
4250 5
4255 5
4260 4
4264 8
4272 7
4279 6
4285 7
4292 7
4299 4
4303 7
4310 4
4314 7
4321 6
4327 6
4333 7
4340 5
4345 7
4352 6
4358 11
4369 6
4375 7
4382 6
4388 8
4396 6
4402 5
4407 6
4413 7
4420 5
4425 5
4430 5
4435 7
4442 4
4446 6
4452 3
4455 7
4462 6
4468 7
4475 7
4482 8
4490 5
4495 6
4501 3
4504 7
4511 4
4515 10
4525 8
4533 4
4537 5
4542 6
4548 5
4553 5
4558 4
4562 8
4570 5
4575 6
4581 5
4586 4
4590 8
4598 3
4601 9
4610 6
4616 4
4620 4
4624 9
4633 7
4640 4
4644 5
4649 5
4654 5
4659 7
4666 6
4672 8
4680 4
4684 12
4696 4
4700 8
4708 6
4714 5
4719 4
4723 3
4726 7
4733 10
4743 5
4748 9
4757 5
4762 4
4766 5
4771 6
4777 5
4782 3
4785 5
4790 6
4796 7
4803 5
4808 7
4815 4
4819 11
4830 5
4835 8
4843 4
4847 4
4851 5
4856 12
4868 7
4875 4
4879 7
4886 7
4893 3
4896 8
4904 5
4909 9
4918 6
4924 6
4930 6
4936 5
4941 7
4948 9
4957 8
4965 3
4968 7
4975 9
4984 7
4991 7
4998 6
5004 6
5010 6
5016 9
5025 9
5034 4
5038 10
5048 5
5053 3
5056 8
5064 7
5071 3
5074 6
5080 6
5086 4
5090 6
5096 5
5101 4
5105 5
5110 4
5114 13
5127 4
5131 3
5134 9
5143 3
5146 7
5153 10
5163 2
5165 6
5171 4
5175 9
5184 4
5188 3
5191 5
5196 5
5201 4
5205 5
5210 5
5215 9
5224 2
5226 7
5233 7
5240 6
5246 3
5249 4
5253 9
5262 5
5267 6
5273 4
5277 6
5283 7
5290 3
5293 6
5299 7
5306 8
5314 6
5320 5
5325 9
5334 5
5339 5
5344 5
5349 7
5356 6
5362 3
5365 8
5373 11
5384 8
5392 4
5396 8
5404 8
5412 7
5419 11
5430 7
5437 7
5444 8
5452 3
5455 9
5464 8
5472 6
5478 5
5483 9
5492 9
5501 6
5507 7
5514 6
5520 2
5522 6
5528 4
5532 8
5540 8
5548 6
5554 6
5560 6
5566 10
5576 6
5582 4
5586 6
5592 6
5598 10
5608 6
5614 4
5618 4
5622 4
5626 7
5633 6
5639 5
5644 6
5650 6
5656 6
5662 5
5667 6
5673 4
5677 4
5681 6
5687 5
5692 4
5696 7
5703 4
5707 6
5713 9
5722 12
5734 4
5738 4
5742 6
5748 4
5752 4
5756 5
5761 6
5767 5
5772 7
5779 8
5787 5
5792 4
5796 10
5806 6
5812 9
5821 5
5826 4
5830 9
5839 3
5842 4
5846 10
5856 5
5861 6
5867 10
5877 6
5883 6
5889 9
5898 6
5904 9
5913 9
5922 7
5929 8
5937 3
5940 8
5948 4
5952 4
5956 6
5962 5
5967 6
5973 2
5975 5
5980 6
5986 5
5991 5
5996 7
6003 8
6011 8
6019 7
6026 4
6030 5
6035 6
6041 7
6048 4
6052 8
6060 8
6068 6
6074 4
6078 5
6083 7
6090 6
6096 4
6100 5
6105 7
6112 7
6119 5
6124 5
6129 5
6134 5
6139 3

48

6142
706 2
907 3
323 1
213 2
377 2
429 5
532 4
143 3
192 5
216 2
134 1
372 2
600 1
724 4
850 2
599 4
423 9
517 10
631 7
646 2
878 9
794 8
957 7
729 2
859 3
271 1
888 1
988 6
835 9
794 1
900 8
924 4
537 2
794 4
362 10
706 10
33 2
371 10
569 8
73 6
187 10
450 8
609 5
820 2
860 5
680 2
749 1
747 6
851 1
941 8
560 1
338 5
146 4
303 2
595 4
951 8
985 2
970 2
682 9
558 8
488 2
424 9
522 5
116 3
137 7
96 6
553 8
557 1
884 2
982 5
636 4
57 1
164 2
17 5
162 10
288 9
304 9
866 2
986 7
141 8
210 3
725 7
198 5
369 8
685 4
319 2
205 5
782 2
497 10
462 6
49 7
131 9
134 9
367 6
573 10
668 3
1017 4
792 9
210 2
432 7
62 5
558 6
721 1
728 9
832 5
881 10
496 9
12 5
1004 2
40 9
69 5
81 10
108 7
408 10
165 6
597 9
132 9
288 9
650 7
481 5
88 3
896 6
101 7
441 7
626 3
691 8
250 9
357 1
177 8
187 2
316 6
546 8
637 1
338 9
730 1
862 6
1011 10
1012 10
980 5
843 5
188 8
645 8
249 4
459 3
497 6
658 2
843 8
729 4
272 9
886 3
66 9
54 2
186 9
487 6
707 6
721 3
961 10
995 10
221 6
362 7
36 9
318 10
352 5
538 5
376 5
743 2
28 2
255 7
981 8
954 7
819 7
292 6
786 3
306 5
566 10
653 9
546 1
430 10
950 7
88 9
382 8
458 2
547 6
664 10
673 8
777 2
885 7
996 6
352 3
25 2
615 5
671 6
789 10
886 1
564 7
823 5
405 7
238 1
264 8
416 8
868 8
619 4
580 4
933 10
480 5
572 4
603 3
686 10
810 5
897 9
881 9
342 8
972 9
612 4
751 1
722 6
821 1
472 10
753 9
897 1
997 10
7 2
694 9
887 8
823 6
39 8
533 1
608 6
751 4
526 1
972 6
843 2
827 9
55 10
347 8
947 9
219 6
1019 2
71 9
146 8
462 2
604 5
620 10
24 9
686 5
979 2
175 5
791 9
469 8
129 6
292 2
926 8
730 10
391 6
153 3
615 10
930 6
56 1
33 8
888 7
337 4
17 9
543 6
290 1
1020 9
395 1
445 4
917 3
138 8
665 1
609 5
130 3
197 5
713 6
727 9
907 10
470 5
239 10
310 10
299 7
554 4
825 10
926 9
153 10
734 6
63 5
123 10
874 5
459 9
281 10
538 3
71 2
97 2
712 3
735 8
306 7
699 4
55 3
106 7
385 7
507 10
511 4
621 10
771 4
918 3
1013 8
346 4
881 4
506 8
744 4
834 6
924 5
630 6
261 9
560 9
258 10
365 3
576 7
807 3
515 3
116 10
595 8
703 7
15 7
425 7
874 4
216 1
117 6
540 1
607 7
270 3
918 9
534 2
545 7
791 2
969 9
1016 1
249 10
157 4
280 2
343 1
244 8
530 8
824 6
228 6
637 6
855 2
741 10
104 7
564 5
662 1
709 3
636 5
138 1
423 7
874 8
886 8
23 2
251 8
672 8
803 1
45 3
34 10
708 7
378 7
551 9
789 4
39 1
400 1
187 8
132 8
826 4
12 1
141 1
90 8
179 8
738 8
838 5
532 5
306 2
169 1
293 5
889 5
744 9
431 4
88 8
312 9
606 9
757 10
865 5
152 8
156 10
232 6
423 8
468 6
692 5
597 4
978 1
679 5
500 6
846 4
215 9
68 6
210 7
16 5
377 9
446 1
43 5
155 5
226 2
272 4
461 9
488 3
731 2
814 3
834 10
934 6
889 2
917 1
560 4
549 5
638 8
1010 7
859 10
560 9
366 9
122 5
421 8
517 5
624 5
991 10
1011 4
23 9
410 2
379 5
305 7
310 1
344 6
942 9
458 10
849 10
213 2
472 2
495 1
528 1
917 6
954 7
1011 6
62 6
894 4
81 7
340 9
301 7
1010 9
890 2
666 7
17 5
252 3
452 5
887 10
1020 9
963 3
384 8
988 7
83 2
167 1
199 1
508 7
591 1
35 9
44 2
781 1
313 7
444 8
482 4
782 2
459 4
778 2
587 2
195 7
441 1
847 8
7 6
259 2
145 10
194 10
600 5
406 6
559 4
576 3
77 1
419 5
898 5
917 10
529 5
477 1
710 3
362 2
854 2
603 10
519 4
429 5
109 8
399 3
408 10
520 5
784 7
74 1
399 8
791 3
82 4
544 1
557 8
773 4
296 9
93 3
395 10
807 9
606 2
617 6
236 5
718 3
462 4
399 5
349 10
85 1
194 6
658 7
68 7
403 8
980 5
17 10
841 2
918 5
77 4
287 6
979 3
474 4
726 1
773 1
975 8
354 9
260 2
70 2
495 9
203 9
737 2
155 3
759 6
932 1
80 1
270 4
388 2
603 10
728 10
405 8
612 1
623 2
90 2
278 4
163 6
471 10
771 9
802 2
19 3
786 9
27 9
59 8
109 9
748 6
988 10
658 8
404 6
127 10
290 7
391 7
956 2
57 8
87 2
890 6
120 3
275 8
375 4
991 3
704 5
151 7
424 10
475 1
584 5
618 3
714 7
815 7
108 1
403 6
715 1
394 5
584 4
628 10
787 9
932 9
78 3
888 4
650 5
504 7
130 5
329 7
742 8
797 10
260 10
1000 9
911 5
198 5
373 5
460 2
506 8
918 4
593 4
657 9
11 6
323 2
161 4
168 3
316 2
506 10
848 2
652 10
44 2
427 10
331 1
456 1
579 7
114 4
464 8
478 10
402 8
395 5
659 2
240 10
650 6
120 5
243 1
610 2
19 7
341 4
755 9
209 1
345 10
479 8
551 6
953 5
463 2
143 1
435 2
640 2
929 6
462 9
566 10
249 3
740 4
52 7
680 3
891 8
522 4
798 4
807 7
888 4
988 2
262 4
843 10
484 4
45 7
170 6
254 1
647 3
708 10
718 3
984 9
927 3
792 9
215 9
481 10
748 1
92 1
477 1
422 4
824 6
17 7
113 2
393 3
434 4
76 8
953 5
88 9
881 5
575 9
787 1
215 5
421 1
511 7
779 9
259 7
831 10
528 2
352 5
487 7
517 8
658 2
903 7
665 5
468 2
145 6
319 3
829 6
763 1
931 3
108 2
138 2
144 9
404 3
612 3
691 7
835 8
849 8
895 7
98 4
353 7
469 8
161 9
311 2
381 9
637 10
950 2
1014 6
711 6
357 2
325 5
371 8
520 8
11 3
859 4
48 10
773 6
795 2
725 9
163 6
49 6
494 7
914 10
724 5
854 6
759 2
524 5
248 4
765 4
371 10
836 6
284 1
986 5
328 3
90 3
517 2
100 5
168 2
822 6
1000 8
784 3
303 4
563 2
668 2
774 6
931 7
65 5
953 9
982 4
308 10
230 6
358 9
754 2
232 5
595 10
43 10
297 4
395 10
607 4
738 1
906 9
907 5
933 9
391 5
238 8
455 3
684 8
814 1
935 2
958 10
567 6
412 6
809 7
627 2
956 8
455 3
267 5
414 3
574 7
89 10
282 2
775 2
630 4
801 2
1017 9
560 6
375 6
962 3
644 3
353 6
419 6
965 6
408 6
37 6
824 2
468 10
809 6
859 7
41 3
93 5
905 1
396 7
434 8
490 7
978 9
979 7
15 9
732 10
678 8
493 2
587 4
56 8
579 7
440 5
776 5
18 9
327 1
191 6
957 4
493 2
559 8
15 9
1 1
854 1
694 5
766 3
167 8
301 8
301 6
222 3
257 4
211 6
399 3
646 7
225 7
359 7
505 1
598 5
1002 7
11 7
457 2
651 3
196 1
41 8
113 2
454 2
53 1
916 3
661 7
969 5
600 10
440 3
867 2
201 9
392 4
436 9
672 9
200 10
971 10
1005 6
272 10
187 9
695 7
1014 7
13 8
57 1
561 1
792 1
911 4
682 9
605 3
911 3
574 7
746 4
264 2
488 7
733 2
915 4
1 3
421 1
857 3
102 1
584 8
462 1
113 9
235 6
422 9
568 4
589 8
765 4
963 6
244 3
73 10
462 6
112 6
527 2
555 3
614 3
356 5
35 8
9 4
568 10
359 10
579 10
870 1
1006 4
471 5
228 7
238 9
383 5
677 10
298 2
377 7
289 2
798 8
932 8
378 5
635 8
787 10
652 3
200 3
478 10
537 3
968 7
267 1
258 7
591 10
744 3
828 5
91 7
360 4
732 8
842 2
1012 1
360 8
60 8
1002 4
520 3
284 1
336 3
850 6
38 3
43 10
606 3
723 8
687 10
388 7
640 2
637 5
398 2
63 5
84 3
219 6
709 10
668 2
674 4
937 2
953 7
518 7
479 8
60 10
166 4
823 5
51 4
948 5
173 2
324 10
701 8
390 4
182 3
498 2
905 3
944 1
296 1
573 10
182 10
586 9
874 10
760 8
429 5
420 7
213 9
114 9
945 7
96 4
755 7
197 10
12 10
238 6
978 2
421 8
560 8
87 6
117 6
498 2
184 3
271 4
344 2
353 4
452 1
534 3
12 2
830 8
903 1
217 6
438 3
757 1
781 10
18 6
716 7
660 9
691 7
204 6
562 2
639 8
944 2
954 10
175 8
156 4
600 3
696 5
135 8
849 10
70 1
966 9
652 4
807 6
855 8
923 4
120 2
366 8
96 3
452 10
312 3
834 2
58 1
619 2
923 5
206 10
594 8
452 5
106 6
577 7
576 4
837 5
715 7
805 4
848 8
300 2
704 2
677 6
953 9
289 5
323 8
401 4
543 9
927 5
157 2
485 7
301 1
370 5
455 6
617 2
386 8
356 3
628 7
437 10
577 2
166 8
36 5
685 6
559 5
653 4
908 10
487 4
543 5
727 3
305 8
499 8
648 6
655 4
998 9
20 8
731 3
633 5
601 9
456 4
451 1
253 5
361 10
778 5
950 3
57 8
734 7
261 4
857 1
363 9
450 1
548 1
572 2
746 4
749 7
397 10
455 8
285 2
803 10
839 10
905 10
741 6
705 2
271 1
847 9
955 1
416 2
158 3
649 9
159 10
535 8
651 2
477 9
473 2
486 4
163 3
619 2
731 9
187 10
396 8
946 1
764 3
733 5
985 6
510 5
542 4
732 10
878 8
862 8
613 8
23 9
497 4
384 5
617 2
889 3
56 8
184 10
7 10
20 2
140 9
568 4
22 8
813 2
280 4
580 6
745 6
251 7
928 10
255 1
500 3
567 5
623 6
955 4
768 6
945 1
447 7
204 7
798 8
133 6
230 2
461 5
318 7
1 5
685 3
548 4
793 10
854 5
843 5
624 7
533 8
492 5
223 10
383 2
820 8
400 7
73 10
80 6
297 5
328 5
891 2
72 7
798 6
997 6
958 8
137 1
914 3
250 10
776 10
801 1
162 10
399 7
41 5
534 8
397 6
525 9
613 2
638 9
782 1
13 5
94 5
803 3
571 2
848 2
70 1
451 2
323 3
964 8
1022 10
140 10
966 4
149 3
459 1
883 8
838 2
139 9
912 4
292 3
943 8
905 4
937 10
499 8
495 9
426 2
966 1
84 9
306 9
673 7
337 3
165 6
190 7
927 6
295 10
644 10
767 4
877 6
14 5
1001 4
228 9
310 1
326 2
342 7
422 10
587 7
614 5
649 5
800 7
908 1
169 10
625 8
719 10
315 3
745 8
393 9
883 3
595 6
631 7
523 10
430 6
649 6
975 8
101 1
320 3
574 3
854 8
283 7
819 3
1014 5
13 3
16 2
62 7
918 3
553 8
576 2
707 1
289 8
382 1
641 2
796 2
828 7
136 6
378 10
788 7
423 4
633 1
405 7
463 5
356 9
436 1
468 7
1010 10
67 2
161 9
908 6
936 6
342 6
0 2
755 5
843 8
956 10
514 6
826 1
666 2
1001 8
305 7
62 9
107 9
296 8
110 5
454 7
983 9
304 6
368 6
1 2
49 1
297 9
675 4
242 1
470 3
698 1
925 6
164 6
768 6
812 5
616 4
639 4
955 5
690 7
680 5
455 5
35 6
155 6
479 8
325 3
275 6
670 7
988 8
720 7
233 5
1006 7
1020 3
24 6
287 5
248 2
614 4
365 10
297 10
376 8
403 1
516 9
642 5
135 3
538 9
624 4
193 10
428 10
668 8
693 4
266 8
346 5
284 1
762 3
412 3
136 7
400 7
415 6
738 4
63 2
697 1
548 3
394 6
295 8
684 6
936 5
984 3
266 8
339 3
498 10
679 1
899 1
52 6
147 7
914 3
358 8
841 9
205 9
404 7
889 2
251 5
975 1
545 5
594 4
191 2
255 4
270 9
920 10
122 6
238 2
458 3
520 9
852 5
906 6
422 4
597 7
246 4
739 2
123 5
479 5
60 6
357 10
390 3
866 7
220 5
594 9
318 9
968 4
941 2
986 1
633 10
534 6
410 4
458 4
928 2
144 6
246 3
592 6
248 7
302 5
640 8
656 1
79 5
676 5
915 6
856 9
873 10
746 9
283 4
531 9
974 2
124 8
162 6
147 9
29 1
230 2
888 4
497 9
552 6
769 5
894 5
927 3
983 9
42 10
299 9
392 10
854 5
491 3
100 10
716 7
647 5
792 10
332 5
438 8
872 2
349 9
548 8
693 4
927 8
958 2
965 1
216 1
893 5
589 4
1013 9
448 9
727 7
990 1
100 1
444 3
264 10
782 7
666 9
891 1
915 8
145 3
301 5
51 8
489 1
670 3
321 3
993 7
1018 9
235 3
608 3
231 4
400 10
656 8
857 2
472 2
544 4
655 10
665 3
993 2
221 2
235 7
992 8
937 8
381 3
118 4
51 10
22 4
103 3
913 6
382 9
643 10
785 5
959 1
989 7
20 9
616 9
196 10
681 8
287 7
54 8
189 7
229 5
287 4
967 10
453 7
729 9
69 3
329 6
265 6
919 8
412 9
178 5
917 9
492 1
748 8
106 1
640 5
230 4
189 1
25 7
728 7
965 4
632 1
135 4
1014 5
901 6
299 1
688 5
746 5
150 7
708 9
47 10
964 10
536 10
494 3
871 10
73 2
111 7
577 2
794 9
847 7
83 2
94 10
352 8
814 1
596 1
47 9
179 4
662 6
439 5
370 10
705 10
711 9
105 4
522 3
837 7
939 6
303 1
996 2
502 6
968 5
142 2
243 10
29 8
647 8
294 3
333 7
557 10
770 4
831 9
597 5
495 4
252 6
974 4
453 8
748 6
902 1
224 8
227 8
555 3
546 7
150 1
497 6
361 2
126 5
602 6
645 2
784 3
820 1
882 3
892 5
492 8
364 1
715 8
275 10
325 1
434 9
737 3
302 4
713 6
883 6
50 3
230 9
819 8
85 4
498 7
547 5
909 1
181 1
4 1
163 4
424 10
936 5
23 9
140 10
779 3
63 4
986 2
679 9
703 5
768 8
929 7
797 6
293 3
402 9
685 5
972 3
337 5
511 8
513 7
759 2
771 1
800 4
832 4
219 6
268 10
338 8
417 10
387 9
90 8
629 8
802 8
624 10
626 10
294 9
312 3
547 8
1021 7
87 4
854 9
659 4
602 10
620 8
811 7
292 5
672 5
545 8
768 3
51 2
188 4
924 4
336 8
673 6
840 7
376 10
500 5
516 3
815 1
912 3
44 10
791 5
1005 3
717 3
545 10
1002 6
127 2
917 5
771 4
455 1
868 4
209 7
237 4
1009 5
339 3
334 2
607 8
946 10
119 1
224 1
152 1
456 3
566 3
180 2
312 5
723 5
927 3
996 3
315 1
532 6
417 9
831 2
314 9
407 9
775 8
82 6
221 5
251 4
748 5
880 2
250 7
410 8
679 2
948 5
18 9
438 4
12 9
428 7
623 1
701 7
931 3
172 5
210 8
817 1
148 2
335 4
442 7
870 9
40 1
447 8
89 7
526 10
774 4
379 4
677 4
889 5
979 5
657 1
394 7
481 10
899 7
26 6
279 5
201 3
37 2
749 3
58 5
401 5
273 3
311 9
675 2
945 8
813 2
264 3
276 9
204 10
226 8
415 2
366 1
518 10
78 9
159 1
215 8
642 9
800 10
403 5
514 8
915 6
216 9
221 10
194 5
123 4
820 10
690 2
720 9
966 3
148 2
308 2
814 9
369 7
239 9
644 4
42 7
300 3
257 1
336 5
439 1
844 3
299 3
976 5
701 4
171 2
426 2
627 1
135 8
135 6
173 1
244 5
68 7
901 9
429 10
618 8
235 5
269 4
961 9
905 4
334 6
121 4
262 1
9 2
912 7
704 7
862 10
985 1
215 6
12 9
904 4
66 7
214 7
176 8
338 2
370 10
623 6
678 7
45 7
58 2
203 9
26 5
537 1
393 1
651 7
750 3
826 10
809 3
718 3
846 4
122 10
298 2
693 3
447 10
592 9
925 6
814 1
998 6
677 2
446 6
487 5
567 8
617 10
637 8
656 1
42 10
585 7
66 1
205 1
1019 2
114 2
293 9
312 2
406 6
578 4
1002 5
168 3
277 3
311 2
59 9
285 5
1002 7
714 6
928 1
1005 7
736 5
828 3
71 7
532 2
1007 2
520 3
286 9
612 9
628 4
341 1
207 3
286 1
543 10
328 1
333 2
780 5
606 2
20 6
96 2
636 10
653 2
984 1
894 4
648 2
391 6
458 10
905 2
233 9
877 6
24 10
191 7
784 7
852 2
14 2
482 3
112 3
542 5
926 6
209 3
978 2
376 7
619 3
830 7
541 4
245 3
659 7
984 9
940 7
398 3
418 9
501 10
970 1
503 5
518 3
330 6
437 5
599 3
864 8
0 1
96 2
199 3
406 9
172 8
368 4
957 4
953 9
674 8
157 10
758 2
219 3
268 1
115 5
444 2
396 10
870 8
775 6
205 2
617 5
629 9
985 7
133 1
774 7
884 10
377 1
315 1
194 5
895 10
119 3
657 9
252 6
819 6
93 7
952 6
469 5
564 3
322 6
682 10
468 3
509 2
660 2
828 1
935 4
97 1
490 2
374 1
649 10
796 4
240 5
809 7
655 5
414 9
758 7
450 8
264 7
984 7
315 2
633 9
283 2
302 6
829 3
822 5
956 9
394 3
435 4
933 8
289 4
579 8
383 3
531 2
981 7
280 8
798 8
152 3
467 2
299 5
403 6
789 8
794 4
274 5
203 3
39 4
521 2
9 5
21 9
275 8
305 2
984 7
613 5
488 2
763 1
905 5
283 3
227 3
559 3
370 3
68 9
932 10
850 1
616 8
101 4
314 1
608 10
686 8
963 9
987 3
31 8
213 6
712 5
205 7
707 8
363 6
476 4
713 8
952 6
963 5
51 1
707 10
703 7
736 4
349 1
375 10
620 4
807 5
163 2
529 1
66 6
635 1
908 4
908 7
964 3
101 10
583 10
719 5
46 4
224 5
672 4
684 1
574 2
609 6
998 8
34 8
757 10
807 2
588 4
685 10
700 10
80 10
241 9
343 1
831 7
413 7
479 9
977 7
445 3
687 8
657 10
439 6
357 4
536 9
973 5
28 3
260 8
111 5
24 5
725 3
356 9
521 10
907 8
114 7
780 9
128 6
163 4
83 9
620 3
875 6
498 7
815 5
906 9
616 8
756 3
146 5
174 3
212 9
997 3
352 9
410 4
819 8
20 1
115 2
351 4
232 10
671 9
854 1
832 2
652 8
859 5
228 8
802 8
880 2
122 9
871 8
960 4
146 10
136 7
1017 8
937 5
837 7
913 3
152 8
447 1
912 5
151 4
459 5
916 6
267 2
361 8
361 8
178 10
6 10
24 7
75 2
620 10
602 3
731 2
649 6
487 7
342 6
179 9
460 3
268 1
626 2
376 10
704 6
726 2
221 10
502 2
47 3
660 1
989 7
65 9
168 8
295 1
1018 4
377 9
542 7
1000 9
1004 2
15 6
852 5
733 2
642 9
823 1
323 4
215 6
535 4
425 6
298 7
922 10
13 8
578 8
261 10
339 3
1009 1
173 5
927 2
305 10
452 5
657 6
7 10
119 10
115 8
807 8
803 1
530 8
1 2
813 9
900 2
518 2
532 7
810 2
493 1
1013 10
94 5
667 7
803 9
991 8
331 1
406 1
671 2
128 6
90 4
557 3
343 10
393 7
25 5
320 7
364 10
470 10
280 10
387 7
221 8
690 6
724 2
148 7
366 9
62 9
1008 4
0 2
327 1
611 1
825 4
55 7
149 5
211 10
913 1
400 8
806 8
824 4
66 5
633 10
290 4
385 2
608 2
888 3
904 9
964 2
527 10
504 7
655 4
248 3
1008 9
114 9
581 9
808 9
27 8
249 9
210 1
396 3
193 2
147 5
335 3
589 10
70 8
494 5
186 5
768 10
379 2
625 6
45 7
633 4
962 7
992 8
174 8
967 9
882 7
1017 4
608 1
412 3
579 9
629 7
1016 10
275 9
376 7
673 2
591 10
474 9
154 7
85 2
854 1
485 3
657 5
946 3
405 6
392 5
158 4
952 3
232 3
403 3
898 7
38 6
124 5
89 7
532 1
317 6
951 6
990 2
239 10
389 5
491 7
457 3
139 4
602 9
207 9
306 1
108 3
375 7
436 3
92 5
226 6
291 7
791 4
334 3
78 10
99 5
40 1
123 10
1009 6
1023 9
325 10
130 7
184 8
382 3
916 10
180 10
440 9
632 8
197 6
718 3
722 4
154 2
321 3
837 4
667 3
914 10
728 4
77 8
80 5
136 3
197 7
751 10
505 2
76 3
458 3
431 8
875 10
56 1
194 7
225 7
378 8
835 7
1018 3
246 10
477 1
626 10
697 7
293 5
963 5
172 4
598 6
681 2
858 7
99 8
618 3
273 9
698 4
486 2
81 8
92 6
390 3
336 6
430 4
221 1
296 5
654 2
89 6
756 3
113 3
228 7
652 2
29 7
212 7
389 6
86 8
955 10
719 3
850 1
74 6
311 6
323 9
374 1
895 9
642 8
787 6
530 10
898 2
859 6
286 9
129 6
969 1
445 8
76 10
17 10
516 3
747 4
928 3
66 2
234 4
356 4
287 8
906 7
492 9
640 3
851 7
971 1
125 6
225 3
253 9
386 3
784 1
463 6
887 8
930 7
349 7
509 3
565 8
988 9
850 6
332 9
126 3
737 8
793 6
295 2
680 8
225 6
863 6
940 4
182 2
1021 2
891 4
29 8
634 4
275 10
286 9
453 7
636 5
617 9
507 10
321 9
922 7
519 9
683 9
711 9
985 2
128 6
494 1
74 5
160 7
482 9
515 7
143 1
65 8
162 8
110 1
935 5
108 4
231 4
448 3
144 9
205 10
805 6
2 9
60 8
53 7
211 4
650 8
668 8
705 10
1002 10
271 10
91 10
10 9
433 5
940 3
565 5
691 8
1008 4
49 7
368 6
899 2
900 7
497 3
664 10
696 1
893 2
300 2
426 5
426 5
770 1
202 2
429 9
97 10
489 4
969 6
651 6
223 10
647 10
288 7
816 6
911 6
76 5
160 5
301 10
426 9
600 6
0 5
597 8
830 7
1009 9
27 10
403 4
900 10
208 6
611 8
59 4
399 8
498 3
444 4
804 2
16 7
642 1
575 3
597 5
925 2
972 6
424 5
596 5
437 6
447 6
1008 10
130 8
108 4
268 9
618 3
754 9
884 3
335 4
102 2
600 4
587 1
495 2
212 1
393 3
984 6
139 9
667 7
764 4
433 6
322 5
1013 4
823 1
174 10
288 4
240 8
594 7
164 3
709 1
595 7
261 5
350 6
299 1
896 4
480 10
132 5
139 3
397 9
712 7
629 1
487 5
852 5
938 1
73 1
621 6
19 7
464 1
475 5
289 7
610 2
587 5
556 3
737 3
776 2
940 4
995 5
1017 8
981 4
468 7
662 6
872 6
914 8
243 3
325 2
431 4
828 3
672 5
523 2
71 8
616 4
797 1
350 3
408 8
40 4
760 3
841 10
595 10
309 6
502 7
62 1
490 5
504 6
190 7
290 8
308 10
360 1
680 7
433 6
673 4
788 8
882 3
422 3
621 3
879 9
885 5
242 9
503 9
759 10
884 2
765 7
333 8
638 8
7 8
179 1
972 10
951 9
178 1
199 2
813 9
581 10
483 6
847 4
904 10
168 10
170 5
69 5
163 1
370 5
694 1
648 6
851 3
417 7
265 8
251 7
138 2
215 7
530 5
740 3
561 7
124 3
126 3
180 8
282 1
664 5
218 5
173 6
178 4
284 3
97 1
900 4
529 7
137 2
392 3
653 3
507 1
481 10
885 9
67 10
399 3
27 2
317 10
230 3
234 4
848 7
876 6
44 9
72 4
360 5
200 1
22 3
685 2
634 4
95 2
363 3
1017 7
191 5
63 9
683 6
463 4
786 5
786 2
15 6
80 4
103 9
144 1
145 6
478 10
716 8
35 2
535 5
553 3
102 2
212 5
461 4
981 9
412 6
717 6
98 8
931 2
441 1
587 5
769 5
967 4
900 3
524 6
813 3
777 5
894 5
336 2
687 9
674 9
1009 10
531 3
473 7
627 5
770 8
112 2
129 10
330 3
443 7
60 6
212 7
983 9
37 8
114 8
329 5
819 4
983 4
42 5
376 10
821 10
1008 3
975 7
216 3
624 5
147 5
825 7
87 10
714 1
533 2
570 6
893 2
32 10
67 2
594 2
853 4
247 2
807 3
826 5
183 2
467 7
1002 7
1000 7
969 1
82 4
542 3
387 9
720 6
953 5
441 5
700 9
821 2
91 1
555 10
597 7
638 5
663 4
838 6
852 1
833 5
484 8
923 2
342 4
624 10
854 7
75 1
108 1
183 9
400 1
516 6
710 10
522 1
99 10
462 10
550 5
676 8
149 10
526 5
949 4
156 8
219 8
232 5
101 8
1000 7
641 4
349 9
559 2
741 2
439 10
30 5
19 5
291 10
457 10
107 10
929 9
920 7
935 2
319 3
420 9
71 4
604 9
451 6
754 8
978 1
581 8
723 1
106 4
476 8
738 9
506 4
660 1
871 5
553 1
639 4
173 7
388 3
623 9
548 5
402 2
183 4
816 2
670 9
176 4
363 7
440 5
23 6
111 7
309 5
701 4
10 2
63 3
338 2
142 7
697 4
981 1
427 4
244 1
883 7
515 7
331 2
130 7
446 5
733 1
1012 4
785 9
392 7
1012 6
239 3
193 5
268 8
411 9
522 8
886 7
774 6
253 1
960 8
373 1
755 7
133 2
131 2
533 3
117 7
384 5
419 1
258 3
916 3
677 6
202 9
265 4
67 1
83 9
435 2
17 9
650 2
925 10
546 6
698 3
756 3
15 10
186 4
267 6
425 3
793 4
950 6
22 6
238 9
717 7
962 9
163 2
270 7
431 3
227 10
158 2
686 6
354 7
804 6
202 8
1022 10
176 8
627 9
750 9
1000 8
189 3
61 6
280 5
687 3
710 9
321 10
806 6
736 2
263 6
365 2
446 7
770 2
634 1
932 10
872 10
322 5
448 9
986 2
868 7
717 4
93 7
380 7
867 3
446 6
782 6
512 10
689 6
399 2
136 1
965 7
46 8
95 8
484 4
905 2
96 10
457 1
795 9
45 10
417 10
964 5
70 7
635 3
413 3
330 2
827 1
630 9
902 5
185 5
831 10
45 4
274 8
864 9
110 7
636 10
957 8
887 3
504 10
677 10
524 3
658 6
742 4
1014 10
960 2
274 7
675 4
214 6
296 8
642 3
750 9
48 3
489 7
420 7
775 4
565 6
724 5
477 6
280 3
408 3
221 9
767 5
891 6
2 10
120 2
65 5
996 1
111 8
833 5
590 6
156 7
322 3
372 2
781 5
567 2
295 10
844 1
76 4
418 9
640 4
976 8
152 3
314 3
76 5
115 8
230 9
802 6
591 3
337 2
352 10
970 3
899 6
655 6
11 5
104 4
262 3
492 8
477 1
999 10
819 7
994 4
208 10
444 2
672 4
537 4
542 1
611 7
743 10
118 5
466 6
672 8
512 3
763 3
790 1
742 3
197 9
656 9
551 7
34 1
290 10
478 5
790 8
581 4
1000 10
822 1
861 3
380 10
145 2
720 9
845 6
111 2
67 1
793 9
686 2
890 4
892 6
75 5
344 1
456 7
562 10
743 1
371 8
407 10
454 5
922 1
51 8
467 3
335 2
237 9
563 7
58 5
286 6
391 1
372 7
313 2
832 9
0 4
788 10
193 8
471 2
596 1
774 1
493 3
33 1
197 8
234 6
50 2
163 3
368 4
462 5
554 2
977 4
182 8
930 7
258 10
351 9
665 2
764 9
553 1
545 5
556 4
632 1
810 4
6 2
306 1
523 4
596 7
149 3
616 5
25 5
44 3
222 9
689 2
684 9
928 10
596 10
703 10
49 1
679 9
802 2
975 5
925 1
320 4
772 5
939 6
474 3
523 1
185 4
319 5
366 7
580 2
40 6
176 5
315 10
892 6
550 1
172 9
895 1
676 5
688 7
692 6
995 9
788 3
631 2
77 1
247 4
809 9
281 10
50 7
279 8
536 5
229 5
575 9
929 2
27 1
496 6
266 7
20 8
735 1
277 8
884 4
869 10
27 6
270 5
192 4
226 3
241 8
179 1
485 5
723 8
64 5
944 1
478 5
543 1
777 2
816 4
705 10
55 9
525 7
592 2
101 6
628 6
238 6
770 6
704 6
715 6
926 5
1001 6
210 8
536 1
462 3
484 1
11 8
761 4
535 2
840 8
42 4
859 2
967 2
266 3
145 3
475 10
667 1
536 4
442 3
821 8
983 6
911 7
375 3
77 8
11 1
264 10
587 8
863 1
10 8
1004 5
756 6
16 6
605 10
740 9
74 4
134 8
175 5
339 3
571 1
846 5
479 2
9 1
47 9
64 4
65 9
128 6
162 8
834 6
907 7
997 2
141 1
454 7
692 7
920 9
696 8
792 10
529 10
664 2
165 2
841 2
1003 5
121 2
894 7
531 7
725 10
732 8
837 5
29 7
329 3
52 5
424 5
515 6
990 5
413 8
898 2
103 10
285 3
26 10
849 5
125 6
518 2
309 8
690 7
189 5
991 9
604 3
681 1
902 5
947 5
964 5
146 10
144 4
187 4
834 1
865 5
942 10
7 8
938 1
770 4
755 5
772 7
783 9
471 6
1001 9
732 4
750 9
559 1
198 2
1018 10
880 8
827 2
30 4
179 2
582 1
920 6
159 10
15 10
926 6
596 8
142 7
209 3
126 7
346 2
110 9
432 3
807 4
545 9
833 1
48 7
74 3
210 2
170 4
831 5
1021 10
170 7
259 2
864 8
174 2
777 8
796 4
837 3
840 9
311 4
369 8
838 7
867 1
98 7
132 7
335 8
838 7
386 9
146 10
924 8
581 3
983 4
30 4
188 6
839 1
542 2
679 4
870 3
451 10
526 4
579 3
381 9
860 9
483 8
711 8
572 1
1016 9
767 7
615 10
588 6
345 10
883 2
632 8
143 8
92 4
832 5
91 5
657 10
770 9
310 7
876 6
879 9
719 2
159 9
988 7
601 8
606 3
72 2
435 1
442 5
557 8
205 7
464 5
659 6
131 4
671 9
348 4
582 6
889 7
809 6
831 1
242 4
634 9
898 6
383 10
144 8
825 8
517 6
651 4
660 3
387 10
636 8
150 10
70 1
520 3
721 2
1005 5
235 6
551 2
981 6
308 9
887 3
635 2
867 6
813 6
896 1
826 1
95 4
844 3
233 9
438 7
472 2
169 8
766 2
229 4
653 10
787 2
123 10
208 6
446 10
438 7
48 8
774 1
9 4
761 5
433 5
533 1
537 7
539 10
573 8
786 1
260 1
18 9
61 4
231 7
265 5
429 8
432 5
475 7
683 6
864 4
401 6
136 5
2 4
639 8
322 3
139 10
429 6
435 4
846 8
73 5
1 1
166 3
689 6
178 9
643 3
586 8
706 6
689 8
821 9
267 6
278 10
392 9
978 1
362 3
731 3
864 1
1001 2
76 10
86 10
833 8
30 3
482 9
934 6
567 3
967 1
35 5
813 7
558 10
978 5
141 3
904 3
79 2
153 3
316 2
586 3
59 9
688 4
698 6
861 8
990 9
123 4
283 8
49 7
959 10
246 3
341 10
386 1
33 6
951 1
379 2
840 8
826 1
41 5
346 6
700 6
7 5
977 8
686 7
793 7
986 3
442 2
709 5
915 10
665 1
100 2
858 5
377 1
523 7
430 8
31 4
314 9
113 3
86 1
910 8
186 8
338 5
1007 5
726 10
197 2
875 5
878 3
221 4
205 5
145 3
847 3
582 10
38 10
28 5
1015 9
656 5
775 7
250 9
355 8
217 4
537 5
444 4
340 8
949 5
79 6
417 9
309 10
186 2
326 5
173 2
707 8
979 7
402 3
434 3
301 8
91 3
982 1
844 7
683 1
846 5
865 8
932 6
30 4
169 2
184 2
320 3
903 3
682 9
663 3
354 3
362 10
35 10
278 8
343 4
639 6
441 6
448 3
45 10
631 8
812 10
841 4
830 6
827 7
783 2
1018 5
485 9
189 6
305 6
86 2
288 1
774 9
775 10
786 8
857 6
884 4
979 9
193 7
223 4
276 10
65 5
476 10
470 5
820 9
967 2
385 6
628 9
206 8
1006 6
792 4
276 10
364 2
694 4
400 10
983 4
19 3
1011 5
467 5
125 2
499 9
300 1
743 5
174 7
314 4
552 6
625 9
92 10
768 10
795 9
440 1
386 7
326 9
275 8
720 8
984 6
47 6
510 9
127 4
849 3
684 6
748 8
948 5
208 7
544 2
621 8
2 7
818 1
256 1
397 8
583 8
536 1
996 1
177 5
234 10
379 10
693 10
333 9
385 4
211 1
416 4
502 1
589 9
799 5
459 4
976 8
986 7
149 8
509 3
344 1
592 2
898 10
655 1
12 4
53 5
417 5
591 8
511 10
316 10
954 4
21 1
52 6
154 5
309 8
964 1
114 10
450 8
475 5
64 8
197 9
690 10
599 8
620 6
165 8
217 4
484 4
154 2
411 3
519 4
102 2
254 5
235 8
839 3
895 5
479 4
1019 5
210 2
881 2
222 5
296 9
406 8
432 1
514 3
822 10
367 9
601 3
249 10
972 10
999 8
128 3
299 4
680 2
204 10
901 9
22 8
267 2
930 5
136 7
718 1
954 7
2 2
678 4
240 5
264 8
428 10
982 9
999 2
106 3
317 2
918 5
176 6
452 6
789 9
968 9
182 9
363 6
331 10
205 5
208 6
854 1
886 3
93 5
100 6
496 2
786 6
673 8
423 8
18 7
764 3
860 4
932 4
137 3
183 2
306 7
427 6
590 4
695 9
97 10
149 3
167 4
357 8
404 2
704 6
971 9
175 4
457 3
594 10
316 2
26 9
1008 2
733 5
808 1
403 2
332 5
380 4
635 1
521 6
247 10
176 4
701 3
853 5
247 8
525 9
235 1
615 5
309 1
763 5
838 6
940 9
291 1
350 10
389 5
584 10
95 9
370 6
328 9
813 5
902 5
89 8
80 7
512 6
111 2
22 2
278 4
321 7
587 6
821 1
99 2
165 9
484 1
590 3
365 1
330 2
835 5
872 10
992 8
864 4
138 7
892 6
790 5
855 10
261 6
443 6
52 1
827 10
475 4
619 3
708 6
455 5
562 2
27 10
730 5
425 10
922 6
1015 2
41 1
112 5
536 2
610 1
247 3
675 7
921 7
69 7
214 2
243 9
720 3
751 5
722 8
373 7
398 3
555 1
436 7
908 2
121 2
423 8
155 2
15 3
223 8
766 4
900 8
725 8
860 4
860 1
804 4
245 3
486 9
219 7
741 4
903 8
357 9
374 2
28 6
838 9
860 1
587 9
279 5
346 4
444 5
523 4
524 8
797 5
54 8
139 9
203 7
280 6
387 2
650 8
447 4
27 8
993 8
937 10
961 2
324 8
467 9
155 4
937 10
729 4
216 4
513 4
665 7
932 7
293 2
1005 9
236 5
478 8
826 8
543 5
784 1
938 5
172 6
309 2
512 10
147 10
290 4
494 6
706 9
919 4
131 8
646 4
305 7
914 6
871 7
1022 10
61 5
272 9
540 9
287 2
580 4
227 1
743 7
896 5
949 3
8 2
104 3
218 5
415 8
447 7
644 2
699 2
750 1
794 9
250 8
401 2
567 1
836 10
733 7
967 7
992 1
10 9
141 9
330 10
619 9
724 9
729 5
817 6
461 6
597 6
418 9
705 1
618 1
346 1
630 6
226 6
124 8
982 6
538 9
777 7
14 4
175 6
192 3
274 5
459 2
348 10
844 6
733 9
36 5
498 6
341 8
528 2
609 7
30 10
350 8
467 9
153 10
500 3
606 4
257 5
827 7
543 7
538 2
601 8
959 3
504 6
600 6
939 9
970 10
218 7
567 7
638 10
376 6
297 2
165 7
19 8
424 8
113 7
792 5
561 7
60 5
543 6
993 1
794 8
308 3
633 10
223 4
241 4
723 1
772 7
33 9
452 1
626 4
134 5
993 9
651 9
140 7
875 7
856 9
561 8
425 1
932 5
166 5
972 9
226 1
488 4
400 7
1009 6
402 4
216 1
606 6
496 3
774 2
970 2
45 4
680 2
734 10
862 2
824 2
999 8
475 9
609 6
837 7
348 10
1020 2
158 8
300 4
655 3
487 4
288 7
888 3
703 4
947 2
830 5
343 7
539 10
702 4
782 10
272 5
48 7
931 2
1001 4
91 5
172 2
303 7
552 6
999 8
872 6
652 6
364 6
804 10
853 9
181 2
261 10
683 1
423 10
550 10
895 5
0 2
601 6
677 9
6 10
879 3
872 6
752 5
933 9
210 1
342 8
343 10
1006 1
747 5
23 6
617 8
805 10
55 7
258 9
663 6
106 10
952 10
53 3
155 10
438 1
610 5
847 4
833 9
874 10
75 3
477 10
737 1
500 9
115 6
418 9
581 8
261 9
931 2
342 5
440 7
44 3
770 6
1013 5
863 2
41 6
342 8
269 6
312 6
471 1
91 7
835 10
788 1
714 1
714 1
760 4
92 1
171 7
268 8
552 6
843 7
854 8
856 2
165 7
240 7
462 8
974 8
983 4
832 5
281 3
464 6
503 4
497 7
774 8
890 9
942 3
307 3
646 1
397 3
106 3
864 1
79 3
954 3
585 2
206 10
405 3
345 5
220 7
527 9
666 3
297 9
629 8
749 5
474 6
591 2
16 1
909 4
23 3
32 6
397 4
954 7
666 8
910 10
938 9
962 3
153 8
548 8
285 5
483 1
693 1
804 2
118 5
682 9
376 2
860 5
515 5
1 4
13 7
117 9
352 3
669 8
563 10
730 5
731 8
613 10
364 2
82 1
833 9
997 10
176 3
41 9
242 7
869 7
962 6
845 9
865 10
86 10
255 7
16 9
398 4
1003 10
1005 10
4 2
23 4
682 5
996 1
251 9
674 4
926 9
762 9
908 8
969 5
980 3
38 10
664 5
725 5
753 10
21 1
879 5
177 3
184 9
725 8
602 3
362 2
63 2
801 4
131 10
570 4
563 8
185 10
151 8
835 1
185 5
367 2
490 1
681 7
685 9
142 2
653 5
838 1
43 6
179 7
699 10
813 6
812 9
917 10
546 1
44 8
910 8
801 8
934 3
313 5
343 4
501 2
924 9
768 4
882 3
84 2
269 3
710 1
414 8
905 9
838 4
442 3
58 8
484 9
225 4
123 1
741 3
954 8
231 2
785 8
792 9
941 3
454 3
844 5
103 4
558 9
846 4
52 10
181 6
670 4
853 2
479 2
738 3
977 8
525 3
512 4
93 8
922 10
25 2
679 7
523 10
529 1
627 5
941 7
59 9
46 4
150 3
207 8
963 9
927 10
188 6
762 9
836 5
991 2
142 4
237 9
257 5
179 4
869 8
881 4
409 4
707 5
915 5
8 6
761 6
961 10
998 8
254 8
287 5
88 6
265 6
630 8
107 1
975 5
8 1
720 5
964 6
292 3
179 7
1008 10
879 1
1009 1
680 1
306 3
514 9
499 9
570 9
399 10
666 5
31 1
779 3
903 1
33 4
706 5
807 2
959 9
32 9
730 10
879 5
988 5
868 3
903 5
923 5
483 8
122 2
434 9
857 5
101 9
493 7
569 5
213 5
161 7
779 9
805 5
811 9
887 2
934 7
355 3
404 3
558 6
980 5
903 7
496 3
771 9
837 3
60 10
347 10
164 1
784 10
332 7
324 2
821 1
903 8
961 2
118 2
274 2
448 10
84 6
1010 7
840 9
160 8
445 3
939 2
714 4
914 10
595 5
553 4
747 6
842 9
1003 5
729 9
784 10
224 3
745 9
113 1
961 9
656 5
338 1
524 3
808 5
976 1
1020 9
185 3
536 9
650 3
436 4
836 5
449 7
118 4
144 4
923 1
928 4
999 10
594 2
668 4
981 8
870 9
134 3
582 7
516 5
204 4
812 1
190 6
217 6
628 10
736 4
384 10
272 8
279 3
814 6
238 5
950 4
464 5
426 1
502 2
552 6
569 4
712 6
467 8
264 4
584 9
803 6
282 4
87 9
756 9
274 1
45 4
810 9
541 5
569 7
878 6
693 7
82 1
77 4
116 6
875 9
290 4
327 7
492 6
533 1
595 1
717 8
698 2
623 9
121 6
127 2
326 6
515 4
286 8
623 10
615 7
809 2
132 5
442 2
196 10
876 2
550 2
466 5
577 8
684 7
27 2
72 2
178 5
902 5
923 9
1013 1
272 3
751 3
110 9
755 9
816 5
353 9
987 6
969 7
315 5
792 2
896 4
1019 1
71 1
518 5
164 10
954 10
915 1
819 7
72 2
243 7
504 6
703 10
197 1
14 2
829 9
974 5
622 2
805 1
569 9
805 10
77 7
121 3
412 1
757 10
762 10
923 10
267 3
318 7
676 1
799 9
818 4
874 4
739 8
249 5
490 9
976 10
26 3
88 9
596 1
650 6
623 8
461 5
900 1
461 2
110 1
149 10
92 9
594 2
406 6
1007 5
211 7
544 3
714 1
447 8
532 10
648 9
28 10
55 4
336 8
526 8
661 5
524 1
37 9
77 3
281 5
394 4
876 6
998 4
50 2
16 9
107 9
141 1
240 10
691 5
780 2
625 4
739 9
561 10
864 9
192 10
497 4
528 9
609 7
414 6
3 8
5 1
6 4
259 9
336 4
692 8
680 9
895 6
916 6
507 9
628 9
116 2
1006 5
1012 9
331 4
210 2
577 4
836 3
273 6
672 5
93 10
891 5
444 1
195 6
336 8
104 4
808 7
190 8
148 8
634 5
927 3
784 9
822 9
948 8
296 10
274 4
205 7
196 1
731 4
127 2
735 8
1009 4
358 8
520 6
540 2
87 2
275 8
999 9
198 3
371 1
770 6
180 10
373 9
54 1
871 6
669 4
723 2
498 6
704 10
431 2
171 4
783 1
783 10
707 10
755 5
422 6
828 3
501 6
840 3
378 8
960 2
48 3
79 9
344 5
348 2
371 8
575 4
752 2
472 3
167 6
968 9
104 7
654 1
798 7
763 5
381 9
822 7
125 7
307 3
332 7
775 2
544 9
129 6
588 6
969 5
30 5
372 2
771 9
536 4
975 3
278 7
755 9
898 7
217 5
734 9
921 8
621 10
767 1
188 2
294 2
372 9
451 9
466 3
593 6
734 6
657 5
604 7
824 8
825 3
891 2
260 1
298 9
309 1
768 6
124 1
63 3
1008 2
355 5
921 1
280 1
91 7
486 2
550 4
854 10
428 6
779 5
837 1
840 7
289 1
915 1
682 6
907 2
906 5
910 2
948 6
631 1
784 4
834 7
26 7
270 8
329 6
469 4
522 7
209 3
781 7
356 8
297 10
624 9
193 8
267 1
7 2
32 1
470 10
475 2
556 8
659 1
758 1
601 9
899 9
912 4
120 6
334 5
642 10
799 9
526 1
808 7
29 5
33 6
437 1
367 1
830 7
156 5
108 6
129 2
813 8
51 6
699 2
378 4
471 7
590 8
813 3
42 10
377 4
214 1
593 1
676 8
472 5
306 10
56 4
608 1
34 9
572 2
622 7
663 10
688 7
879 2
509 1
953 6
943 9
151 5
313 3
444 3
805 3
210 7
957 5
330 1
960 6
334 3
782 9
112 6
164 8
320 7
622 6
823 7
429 7
702 5
843 9
111 10
286 2
349 7
576 5
952 3
264 9
510 10
588 1
886 9
357 2
532 9
584 5
1000 3
16 5
716 5
274 4
476 5
517 5
603 8
709 9
575 1
726 9
1018 4
560 6
818 7
46 6
568 1
168 2
63 10
5 9
400 7
714 10
113 8
732 1
660 5
119 6
681 10
745 5
855 5
796 3
764 5
171 5
262 7
398 4
578 3
700 7
756 3
816 1
359 7
563 5
58 5
201 2
579 7
671 9
733 1
737 4
578 7
475 6
656 6
580 1
180 10
985 10
640 3
280 7
554 8
578 9
608 8
806 3
759 9
1023 5
972 4
816 7
967 2
228 9
562 2
621 4
445 10
81 2
761 9
151 2
921 9
22 5
34 2
105 10
715 7
192 5
22 8
213 8
830 9
618 7
685 6
740 5
518 1
299 3
593 3
1018 5
727 9
957 10
527 6
559 5
600 8
618 5
307 4
61 4
740 4
73 8
259 7
614 3
709 4
181 9
451 4
171 8
198 2
96 2
458 7
67 10
167 10
566 5
630 3
899 2
113 8
340 1
414 6
1 2
405 1
152 6
975 9
452 3
411 7
8 1
367 5
440 5
475 1
230 5
318 2
472 4
741 2
655 5
704 9
118 6
134 1
192 5
209 8
239 5
278 9
357 1
388 1
816 10
649 1
75 2
715 8
476 7
52 2
836 5
167 8
661 10
236 9
695 9
715 2
143 3
179 1
247 2
623 6
899 5
754 5
876 10
863 10
891 7
401 7
610 5
922 2
4 3
65 10
116 4
407 6
357 5
129 7
554 2
581 9
669 4
669 1
671 1
724 5
986 2
941 2
650 4
7 5
893 2
606 8
526 3
186 8
699 2
303 10
21 6
875 3
942 5
415 6
713 2
857 10
557 1
511 9
577 8
661 4
718 1
322 8
602 1
792 9
597 4
1014 6
60 5
568 5
727 10
618 8
232 7
12 2
867 5
139 2
504 3
866 5
578 1
592 6
503 7
282 4
29 8
753 3
901 9
547 10
727 7
746 8
995 2
766 9
580 3
146 1
289 9
325 8
484 5
678 7
358 8
258 10
803 6
241 2
704 6
706 6
502 10
443 6
1006 1
660 10
937 7
950 8
236 10
902 9
44 5
49 4
709 10
53 8
159 10
784 4
994 9
354 6
613 5
695 7
862 3
1017 2
773 9
399 10
585 6
791 6
857 10
458 6
776 2
1022 8
318 6
204 6
975 3
3 9
772 6
185 8
613 3
448 9
585 9
706 3
753 5
827 2
906 5
749 1
730 5
939 6
287 2
358 2
571 8
911 4
920 6
17 10
31 9
46 4
746 4
109 5
641 2
386 7
447 3
736 3
267 3
489 7
583 2
269 6
207 3
200 8
899 6
327 10
449 2
547 4
11 2
623 4
434 3
971 6
448 5
457 9
27 7
23 3
29 1
492 7
53 8
831 9
649 3
33 8
512 3
592 3
755 2
69 10
412 8
972 2
5 1
39 7
93 4
238 4
701 3
379 3
104 4
906 8
59 5
64 2
588 7
290 5
228 2
186 3
69 2
90 6
940 6
717 9
528 4
104 8
195 2
416 4
797 5
516 6
813 2
243 1
857 7
1010 8
543 6
661 6
933 5
528 6
267 5
242 5
471 2
425 2
860 2
907 4
68 4
317 4
563 7
466 5
238 5
328 10
406 9
543 1
705 5
640 5
113 7
794 6
19 6
439 4
593 1
780 4
932 7
679 5
30 9
32 1
910 5
390 7
407 2
589 6
635 10
811 7
74 5
565 2
947 1
425 2
521 6
821 9
849 2
857 5
883 6
291 7
227 1
922 4
958 6
982 4
372 2
425 7
430 10
456 4
465 3
786 1
668 8
5 8
257 6
301 9
868 9
644 9
510 5
778 5
873 9
567 5
657 5
265 1
991 9
949 4
164 1
619 3
751 1
756 7
758 8
670 8
111 7
753 5
605 3
379 9
451 10
304 4
909 10
987 7
1004 8
130 1
159 3
181 10
202 4
302 4
506 2
737 9
338 5
317 2
913 1
1015 6
355 9
879 5
888 8
123 9
230 6
410 7
817 5
0 3
817 2
893 4
41 10
352 8
123 5
560 7
206 1
213 6
667 2
344 4
344 7
729 8
175 10
985 10
721 4
270 1
904 10
722 10
735 8
897 5
612 8
910 7
910 7
913 9
817 2
911 1
94 5
141 4
880 4
910 1
141 3
556 7
428 6
947 3
201 4
303 7
360 5
821 4
280 3
978 8
249 6
378 1
910 9
905 1
359 3
196 3
228 3
398 10
678 6
443 8
117 10
760 10
989 7
1006 5
236 6
610 10
747 5
781 1
817 1
142 4
243 8
296 6
1010 9
138 3
494 3
794 6
396 10
975 9
360 6
64 1
253 9
282 5
74 10
40 3
67 6
734 10
50 9
95 4
210 3
648 5
81 5
45 3
677 4
252 8
230 10
561 9
880 6
572 6
481 7
936 7
812 8
815 1
665 7
842 9
369 10
418 7
530 1
899 4
664 6
742 10
858 2
942 10
169 5
476 2
765 1
784 10
778 9
950 8
167 4
753 5
280 4
579 8
736 9
5 4
46 5
954 10
309 6
496 10
541 1
216 6
432 2
973 3
573 6
729 9
319 6
42 9
552 5
37 8
107 3
204 6
370 2
745 10
799 3
241 8
172 5
285 3
238 3
973 2
189 10
409 3
539 10
765 4
312 1
234 2
273 7
481 9
102 6
545 2
413 7
645 5
38 6
535 7
965 8
995 3
113 3
464 2
288 3
703 2
711 2
121 7
85 1
340 10
502 10
675 7
696 5
896 7
148 8
618 6
92 9
650 4
30 10
335 8
892 5
123 9
706 9
946 6
604 6
735 3
63 6
755 7
481 2
124 2
330 4
421 5
213 6
227 5
271 5
920 7
202 10
248 8
359 5
674 10
155 2
673 10
872 7
569 1
978 8
676 5
440 1
722 9
945 1
262 6
760 2
689 9
541 6
879 6
321 7
424 3
890 6
415 4
656 9
442 4
860 2
743 7
739 3
8 8
233 2
944 4
922 10
66 9
862 5
568 10
717 3
944 9
967 6
827 9
201 8
943 6
943 6
159 1
166 2
549 1
967 7
941 4
942 9
161 7
190 1
293 8
938 1
185 1
389 3
933 6
283 10
702 2
898 1
567 5
911 3
34 9
1003 3
157 5
799 8
630 5
287 5
817 6
679 3
902 4
478 4
616 5
27 7
497 6
769 4
923 8
178 3
114 2
872 8
608 1
450 9
9 8
391 6
329 6
390 3
831 3
342 6
969 1
708 10
102 5
109 5
122 9
172 9
324 9
827 6
474 5
155 7
980 2
26 7
166 10
636 4
646 7
722 7
739 8
781 10
924 10
718 3
977 7
1004 4
67 7
405 10
189 4
217 5
181 1
126 8
334 9
89 2
213 10
133 4
828 5
845 10
3 7
323 4
511 8
196 8
899 6
124 10
241 2
689 3
752 9
607 10
249 1
513 2
806 2
492 8
828 6
358 4
302 9
763 9
747 10
23 10
758 2
673 2
128 3
727 6
385 7
497 9
722 3
70 3
401 5
745 9
342 5
144 6
341 9
968 3
258 10
508 5
637 1
749 6
567 5
344 3
379 2
199 8
256 4
505 7
930 8
128 6
241 1
167 9
200 4
297 3
202 1
251 10
386 9
465 4
604 1
943 6
944 7
681 7
554 2
624 2
840 2
233 4
263 5
807 9
648 9
963 3
149 7
408 1
427 6
474 1
780 7
952 1
138 5
809 5
50 9
729 5
10 2
521 3
689 10
321 1
698 2
140 10
884 6
652 9
411 1
31 9
34 6
274 3
450 10
643 10
840 4
432 6
887 2
696 9
925 3
927 2
351 5
265 4
716 8
782 5
237 2
229 1
470 7
811 3
851 9
877 3
916 9
208 8
748 5
540 5
82 8
300 5
519 8
634 8
763 1
785 10
535 4
609 8
954 7
349 7
741 8
1016 10
61 1
162 2
320 2
483 1
602 1
605 5
912 8
938 8
130 9
1021 10
36 2
82 3
617 7
130 7
290 5
623 9
22 5
81 5
756 5
953 2
729 3
1015 5
443 4
463 9
592 6
766 8
335 7
25 8
488 1
1013 2
1016 7
122 4
618 1
647 9
684 6
11 5
899 4
215 9
468 9
556 6
626 4
716 4
579 4
238 9
469 4
1007 2
107 9
227 3
321 9
333 7
338 7
436 6
629 6
316 1
1019 3
185 6
304 1
839 10
418 2
908 10
9 2
326 7
119 5
272 2
503 2
860 2
233 1
609 3
634 7
12 7
780 6
904 7
341 3
5 6
70 7
105 2
220 8
586 7
753 5
413 9
88 10
365 7
914 7
249 7
1023 1
565 5
242 1
391 2
606 9
91 3
567 9
902 9
65 10
745 2
373 8
248 8
660 8
385 8
681 1
1001 9
673 8
692 1
694 9
247 2
245 7
1022 3
522 4
874 9
869 2
23 10
543 9
930 3
442 5
263 2
517 1
632 1
729 1
285 3
27 6
356 3
726 10
560 2
195 6
32 10
177 9
309 6
791 4
747 8
346 8
522 10
647 2
704 8
802 9
765 10
699 8
643 8
94 9
479 7
500 8
526 10
832 3
473 7
120 8
366 9
205 4
214 8
570 9
992 9
602 2
552 6
703 4
1021 3
152 4
312 7
473 7
281 6
423 10
136 7
311 5
562 5
728 10
947 3
761 5
17 2
558 5
954 4
904 8
366 2
140 6
281 3
675 9
728 10
312 7
591 5
625 6
707 1
872 1
146 4
220 7
795 5
914 5
613 5
983 2
313 2
787 5
377 4
381 9
470 3
653 2
749 10
814 2
424 4
433 10
283 5
370 1
395 6
467 10
749 1
801 4
429 9
697 6
759 7
915 9
64 7
212 10
891 8
68 9
626 5
67 6
21 10
65 4
490 4
491 6
795 9
21 10
151 1
242 9
373 10
437 4
712 5
45 8
778 1
981 2
257 5
513 10
209 5
864 6
140 7
114 6
615 9
980 5
905 6
664 2
582 9
977 10
50 1
386 10
981 7
359 8
386 4
460 7
875 2
127 9
442 8
15 4
366 4
400 3
571 10
833 4
245 9
844 5
622 5
35 2
310 2
641 5
780 1
984 3
40 9
220 3
69 9
763 9
700 2
416 2
978 10
576 10
277 7
1001 3
499 10
993 3
678 10
876 8
199 10
840 5
395 9
989 1
