128
0 4
4 6
10 10
20 5
25 5
30 9
39 7
46 6
52 6
58 4
62 6
68 8
76 4
80 6
86 4
90 5
95 5
100 10
110 2
112 7
119 6
125 3
128 5
133 6
139 3
142 4
146 11
157 7
164 4
168 7
175 4
179 7
186 10
196 4
200 6
206 8
214 5
219 4
223 7
230 4
234 6
240 5
245 9
254 4
258 9
267 6
273 5
278 6
284 6
290 8
298 9
307 6
313 6
319 7
326 3
329 5
334 5
339 11
350 8
358 8
366 4
370 5
375 6
381 6
387 7
394 8
402 5
407 8
415 5
420 5
425 11
436 4
440 8
448 5
453 7
460 6
466 6
472 6
478 4
482 7
489 4
493 6
499 4
503 7
510 3
513 7
520 3
523 4
527 9
536 4
540 6
546 7
553 8
561 5
566 7
573 4
577 3
580 7
587 9
596 7
603 4
607 5
612 7
619 5
624 7
631 7
638 5
643 7
650 5
655 5
660 8
668 12
680 3
683 6
689 5
694 3
697 5
702 4
706 5
711 9
720 5
725 7
732 9
741 9
750 3
753 5
758 2
760 4

70

764
88 2
113 3
40 1
73 6
17 3
24 5
27 2
17 5
49 7
96 6
74 4
52 9
64 10
40 9
54 2
62 5
69 5
81 10
101 7
108 7
109 9
99 8
28 2
36 9
88 9
91 2
107 3
7 2
39 8
55 10
111 1
123 6
104 9
99 1
63 5
71 2
97 2
106 7
123 10
67 2
99 4
45 10
45 3
104 7
116 10
117 6
4 2
46 10
71 8
12 1
39 1
88 8
85 2
93 1
23 9
35 9
62 6
83 2
70 1
42 5
77 1
82 4
121 2
85 9
69 8
61 2
68 7
85 1
65 5
14 3
17 7
19 3
57 8
78 3
87 2
109 9
79 4
7 1
20 2
120 5
17 8
26 3
90 7
76 8
92 1
113 2
11 3
85 4
39 2
98 4
62 10
57 6
65 5
89 10
90 3
99 9
26 2
54 7
41 3
56 8
1 3
11 7
13 8
110 10
62 9
1 5
125 2
41 8
57 1
113 2
20 6
74 9
60 5
11 3
112 6
38 3
43 10
51 4
63 5
12 2
18 6
31 9
44 1
87 6
117 6
79 1
42 9
120 2
122 5
105 5
23 8
80 8
57 8
22 8
91 4
34 9
110 3
8 9
56 8
1 5
27 6
45 7
67 5
47 5
92 2
84 9
13 3
16 2
119 7
102 7
36 6
98 3
62 9
62 7
67 2
101 1
107 9
1 2
24 6
68 1
53 10
118 7
35 6
49 1
44 3
3 2
52 6
63 2
110 1
70 7
102 5
50 7
42 10
123 5
124 8
77 4
72 4
116 10
100 10
20 9
110 9
42 8
121 9
76 4
51 10
54 8
90 6
102 1
59 10
94 9
47 9
73 2
83 2
94 10
105 4
111 7
86 9
110 8
102 6
50 3
23 9
65 1
121 6
105 2
103 9
87 4
27 6
127 2
8 9
44 10
51 2
82 6
119 1
127 2
26 6
3 9
85 5
122 2
40 1
98 9
58 8
78 9
121 4
91 10
48 6
19 3
42 10
45 7
58 2
122 10
14 2
7 1
4 8
111 7
0 1
2 9
67 6
36 1
127 9
96 2
17 8
83 1
76 5
16 3
97 1
9 5
21 9
31 8
58 5
29 10
38 10
51 1
68 9
101 4
19 10
91 6
46 4
80 10
20 1
28 3
109 5
57 9
35 10
67 3
83 9
114 7
115 2
6 10
24 7
38 7
87 4
6 3
65 9
7 10
43 4
110 4
63 8
119 10
25 5
78 6
32 9
70 9
55 7
66 5
38 6
72 7
100 3
64 3
70 8
124 5
1 7
53 7
109 4
27 1
77 8
78 10
80 5
92 5
29 7
33 3
114 9
56 1
74 6
81 8
89 6
92 6
99 8
31 10
19 4
35 2
42 1
66 2
125 6
2 9
28 6
79 6
106 2
92 10
108 4
27 10
49 7
88 3
79 5
59 4
76 5
97 10
16 7
2 2
31 8
4 10
88 7
47 7
68 9
73 1
50 1
23 8
16 8
124 3
126 3
15 6
44 9
17 1
11 8
22 8
67 10
72 4
80 4
95 2
102 2
103 9
37 8
42 5
92 8
104 5
66 5
38 2
112 2
114 8
32 10
111 5
93 9
53 4
67 2
75 1
99 10
108 1
19 5
94 10
108 5
106 4
10 2
74 4
122 1
84 5
117 7
15 10
17 9
26 9
8 6
26 7
2 5
46 8
5 5
19 5
28 2
93 7
95 8
2 10
48 3
111 2
114 1
70 4
76 4
120 2
11 5
34 1
107 10
70 9
45 9
15 5
104 4
118 5
58 5
51 2
47 5
75 5
111 2
6 2
25 5
40 6
44 3
57 10
106 10
26 2
59 2
27 1
55 9
111 4
10 7
42 9
10 8
111 2
83 7
2 5
74 4
9 1
29 7
47 9
64 4
65 9
120 3
48 8
123 7
103 10
121 2
125 6
7 8
5 2
97 1
110 9
30 4
48 7
97 2
57 4
97 2
73 2
74 3
98 7
72 2
55 1
105 8
0 6
32 2
2 4
18 9
61 4
50 6
69 4
72 3
123 10
66 5
59 1
88 3
76 10
79 2
86 10
31 4
41 5
75 10
64 4
53 5
13 8
30 4
98 7
9 1
49 8
98 3
79 6
47 6
37 9
11 3
49 10
12 4
21 1
52 6
53 5
100 9
75 2
77 6
22 8
57 4
49 5
43 10
50 8
122 5
2 10
93 5
97 10
100 6
9 4
35 6
122 3
89 8
41 1
69 7
44 9
32 2
8 2
112 5
121 2
61 5
25 9
92 2
8 2
10 9
14 4
36 5
116 1
10 1
104 3
33 9
75 10
91 10
45 4
11 2
34 4
20 6
0 2
53 3
55 7
75 3
98 9
3 9
7 8
91 5
115 6
82 8
50 6
15 10
92 1
13 7
32 6
111 6
15 3
117 9
118 5
4 2
23 4
38 10
43 6
86 10
123 3
88 5
25 2
52 10
58 8
84 2
13 1
50 6
89 1
49 5
8 1
59 9
111 4
81 5
63 7
32 9
60 10
32 10
125 9
113 5
101 9
118 2
57 2
63 8
114 4
113 1
1 6
40 2
127 2
71 1
72 2
72 2
81 10
5 2
53 10
41 1
26 3
37 9
77 7
77 3
88 9
72 7
14 4
110 1
121 3
3 8
5 1
6 4
16 9
59 10
50 8
107 9
48 3
79 9
30 10
81 6
2 7
42 4
94 9
26 1
125 7
26 7
29 5
32 1
33 6
119 5
57 2
120 6
34 9
57 9
70 10
108 6
111 10
5 9
58 5
6 7
85 3
111 8
65 4
119 6
22 5
34 2
73 8
123 2
32 4
105 10
105 10
52 2
67 10
60 4
5 7
118 6
4 3
65 10
123 9
115 3
99 9
26 9
116 4
60 5
59 1
52 4
103 6
2 7
3 9
44 5
49 4
119 5
11 9
17 10
23 3
29 1
31 9
33 8
46 4
71 9
98 1
5 1
39 7
59 5
64 2
68 4
69 2
90 6
93 4
104 8
32 7
103 10
66 2
19 6
83 5
58 2
0 3
94 5
95 1
116 3
13 2
17 2
50 9
64 1
95 4
44 7
58 8
107 3
88 6
44 2
30 10
85 1
113 3
107 4
6 10
90 9
20 6
6 6
61 7
27 7
90 5
106 6
94 2
65 5
26 7
102 5
109 5
46 10
104 6
35 1
123 5
122 9
126 8
70 3
64 2
12 5
21 2
102 6
10 2
31 9
34 6
98 3
37 4
70 2
83 2
22 5
36 2
61 1
81 5
82 3
119 9
122 4
122 4
38 10
5 6
70 7
91 3
105 2
107 9
119 5
29 5
74 10
5 10
48 5
29 8
56 3
17 2
94 9
70 6
51 6
101 7
119 8
56 3
35 2
40 9
35 2
96 2
