256
0 5
5 5
10 5
15 9
24 9
33 9
42 7
49 4
53 6
59 4
63 7
70 6
76 6
82 6
88 6
94 5
99 4
103 10
113 6
119 5
124 5
129 3
132 9
141 7
148 4
152 7
159 6
165 7
172 6
178 6
184 6
190 5
195 5
200 5
205 10
215 7
222 4
226 3
229 6
235 7
242 6
248 8
256 5
261 4
265 6
271 3
274 6
280 7
287 5
292 6
298 4
302 5
307 9
316 6
322 7
329 6
335 4
339 8
347 6
353 6
359 4
363 5
368 11
379 4
383 6
389 9
398 6
404 6
410 6
416 4
420 9
429 6
435 6
441 6
447 9
456 9
465 7
472 6
478 5
483 5
488 7
495 5
500 5
505 3
508 4
512 7
519 4
523 5
528 6
534 8
542 5
547 5
552 6
558 4
562 9
571 4
575 4
579 8
587 6
593 8
601 8
609 8
617 5
622 5
627 5
632 7
639 4
643 9
652 5
657 2
659 5
664 5
669 4
673 11
684 7
691 11
702 2
704 10
714 7
721 11
732 5
737 7
744 4
748 6
754 8
762 3
765 5
770 2
772 6
778 8
786 6
792 5
797 6
803 7
810 7
817 5
822 4
826 5
831 4
835 7
842 11
853 7
860 5
865 7
872 9
881 6
887 5
892 3
895 6
901 8
909 6
915 4
919 6
925 5
930 9
939 3
942 5
947 5
952 5
957 9
966 4
970 8
978 9
987 6
993 5
998 4
1002 8
1010 6
1016 6
1022 7
1029 9
1038 8
1046 6
1052 3
1055 5
1060 5
1065 8
1073 9
1082 5
1087 5
1092 5
1097 7
1104 10
1114 7
1121 4
1125 7
1132 8
1140 6
1146 5
1151 4
1155 5
1160 3
1163 6
1169 4
1173 5
1178 6
1184 9
1193 6
1199 11
1210 3
1213 3
1216 6
1222 5
1227 4
1231 5
1236 6
1242 6
1248 5
1253 4
1257 8
1265 8
1273 3
1276 5
1281 10
1291 11
1302 5
1307 5
1312 2
1314 5
1319 4
1323 5
1328 7
1335 12
1347 5
1352 3
1355 4
1359 8
1367 6
1373 9
1382 8
1390 6
1396 4
1400 4
1404 6
1410 7
1417 4
1421 9
1430 4
1434 10
1444 6
1450 5
1455 5
1460 6
1466 7
1473 6
1479 6
1485 6
1491 7
1498 5
1503 4
1507 7
1514 4
1518 2
1520 4
1524 3
1527 3

241

1530
176 2
226 3
80 1
134 1
213 2
35 3
48 5
54 2
73 6
187 10
149 4
105 9
129 10
96 6
146 4
219 9
198 8
17 5
49 7
131 9
134 9
162 10
198 5
205 5
182 2
214 3
40 9
62 5
69 5
81 10
101 7
108 7
132 9
222 1
247 6
208 9
198 1
54 2
177 8
186 9
187 2
249 4
134 2
198 4
90 10
28 2
36 9
88 9
255 7
8 2
92 10
142 8
238 1
7 2
170 2
187 1
39 8
55 10
146 8
140 1
84 5
129 6
175 5
242 2
170 9
139 8
122 2
63 5
123 10
197 5
130 5
29 3
34 7
71 2
97 2
106 7
159 4
14 1
41 2
116 10
117 6
244 8
35 8
52 3
181 7
45 3
104 7
138 1
12 1
171 4
79 2
39 1
88 8
169 1
124 10
115 6
152 8
156 10
232 6
198 9
52 2
108 7
23 9
220 10
124 9
3 5
251 2
35 9
62 6
83 2
167 1
199 1
252 3
41 6
149 9
77 1
145 10
194 10
195 7
120 5
22 3
224 6
82 4
236 5
62 9
89 1
68 7
85 1
194 6
159 1
84 9
155 3
19 3
245 5
210 5
47 8
161 8
57 8
87 2
109 9
151 7
182 4
68 9
221 3
16 9
78 3
130 5
198 5
55 6
90 7
161 4
168 3
134 5
94 5
185 2
120 5
143 1
243 1
249 3
238 7
204 7
73 6
196 3
170 6
254 1
136 1
107 10
237 7
76 8
92 1
113 2
215 5
88 3
6 2
98 4
144 9
145 6
161 9
11 3
221 1
141 7
205 5
101 7
248 4
154 4
145 4
233 10
65 5
90 3
230 6
220 9
85 8
243 9
153 4
89 10
180 6
205 1
118 10
188 9
41 3
173 9
221 8
205 6
56 8
222 3
11 7
131 1
243 6
210 2
206 9
41 8
113 2
196 1
201 9
225 7
1 3
13 8
54 6
254 2
17 9
57 1
187 9
6 9
171 5
244 2
238 9
197 9
117 8
200 3
182 10
97 6
38 3
38 3
43 10
63 5
14 1
8 8
222 7
51 4
166 4
182 3
182 10
4 9
135 6
72 1
255 9
87 6
117 6
12 2
18 6
34 8
166 1
152 5
32 3
135 8
204 6
117 5
59 10
77 10
120 2
206 10
38 10
183 6
157 2
166 8
218 5
114 9
70 10
134 3
57 8
253 5
76 7
174 4
13 3
86 4
220 4
126 8
56 8
163 3
187 10
22 8
157 6
65 9
140 9
133 6
204 7
255 1
1 5
144 7
201 3
128 3
223 10
3 7
106 7
218 4
54 1
162 10
250 10
67 3
229 9
84 9
140 10
62 10
39 4
70 2
85 1
228 9
13 3
16 2
57 6
159 6
213 2
185 10
62 7
101 1
136 6
177 3
159 5
62 9
67 2
107 9
161 9
1 2
35 6
49 1
5 2
62 8
155 6
164 6
24 6
8 10
177 7
94 7
137 9
233 5
100 1
46 8
33 8
63 2
52 6
35 1
22 8
44 8
147 7
191 2
238 2
246 4
184 8
209 5
133 5
76 2
123 5
144 6
42 10
222 5
186 9
107 4
124 8
162 6
189 10
216 5
100 10
216 1
149 4
244 1
169 5
145 3
235 3
20 9
51 10
54 8
53 9
17 6
52 7
4 5
189 7
221 2
229 5
235 7
10 5
38 5
56 2
230 4
222 2
229 1
140 4
73 2
111 7
150 7
47 9
214 10
140 9
91 9
30 5
83 2
94 10
105 4
179 4
102 2
94 5
142 2
150 1
224 8
243 10
50 3
114 10
212 10
53 2
118 2
230 9
23 9
223 4
20 7
85 9
140 10
219 6
222 2
166 7
4 5
87 4
44 10
51 2
240 3
96 8
247 7
127 2
188 4
209 7
237 4
11 2
195 1
82 6
119 1
221 5
251 4
40 1
195 2
114 4
194 2
146 2
172 5
26 6
110 1
211 8
1 6
64 2
204 10
101 6
139 4
144 3
78 9
148 2
159 1
215 8
216 9
239 9
132 5
119 1
177 3
121 4
135 8
135 6
173 1
235 5
244 5
45 7
58 2
150 10
129 4
107 5
27 8
203 9
42 10
196 7
18 1
99 8
197 3
122 10
74 9
23 3
98 10
168 3
207 3
14 2
201 9
151 2
154 6
233 9
0 1
115 4
99 5
87 10
96 2
209 3
245 3
100 8
245 5
4 10
133 1
219 3
19 4
71 6
244 3
97 1
252 6
88 9
65 2
17 2
9 5
21 9
50 9
184 2
31 8
51 1
68 9
233 1
20 1
101 4
213 6
46 4
150 10
182 10
224 5
80 10
22 2
69 4
40 6
241 9
28 3
83 9
196 9
6 9
14 8
114 7
20 1
164 8
101 6
31 10
115 2
146 5
174 3
228 8
6 10
24 7
222 6
30 3
152 8
65 9
247 3
176 5
168 8
221 10
7 10
27 1
100 6
178 1
98 5
119 10
222 4
162 5
126 7
128 6
25 5
55 7
66 5
65 10
250 9
227 5
148 7
149 5
211 10
115 2
126 8
229 4
248 3
70 8
2 6
80 2
174 8
38 6
163 10
11 2
106 10
82 1
124 5
154 7
158 4
78 10
92 5
144 7
28 4
226 6
239 10
77 8
80 5
119 10
100 8
136 3
154 2
180 10
197 7
56 1
81 8
92 6
99 8
60 10
162 6
194 7
225 7
29 7
74 6
89 6
4 7
85 4
188 9
52 1
212 7
66 2
238 5
115 2
129 6
234 4
115 9
141 10
125 6
225 3
253 9
13 7
170 3
222 8
130 4
182 2
2 9
247 2
65 4
210 10
108 4
143 1
231 4
49 7
97 10
121 4
11 7
27 10
59 4
76 5
246 9
231 3
198 9
53 9
160 5
223 10
16 7
119 1
105 4
206 6
4 7
238 5
22 9
73 1
143 9
196 1
132 5
139 3
64 7
207 10
132 2
190 7
243 3
166 5
117 2
178 1
199 2
190 1
232 3
27 2
34 2
124 3
126 3
138 2
168 10
170 5
180 8
215 7
44 9
67 10
72 4
88 7
117 8
137 2
178 4
15 6
80 4
95 2
102 2
103 9
177 6
89 2
144 1
145 6
191 5
212 5
214 4
12 10
37 8
42 5
112 2
114 8
181 9
40 6
12 6
123 7
129 10
147 5
32 10
67 2
181 5
213 6
189 2
131 5
183 2
75 1
99 10
108 1
92 10
209 6
71 1
246 5
156 8
183 9
219 8
232 5
19 5
129 2
25 5
42 2
205 6
106 4
196 3
75 4
140 2
167 2
173 7
176 4
10 2
238 9
245 4
77 10
117 7
58 5
148 10
10 10
193 5
202 9
15 10
17 9
97 5
59 8
113 3
163 2
186 4
202 8
141 6
103 6
202 7
46 8
93 7
95 8
239 8
113 3
70 2
193 2
48 3
140 6
93 6
240 3
161 3
214 6
2 10
76 4
120 2
102 6
9 6
206 2
117 10
156 7
11 5
104 4
23 5
226 1
152 3
208 10
34 1
118 5
3 9
183 10
169 8
75 5
111 2
144 7
110 5
194 5
4 9
58 5
81 1
47 6
239 4
193 8
197 8
234 6
6 2
25 5
44 3
139 8
3 9
0 1
213 1
40 6
41 8
75 8
75 6
176 5
27 1
52 6
99 3
161 7
55 9
114 2
162 3
192 4
226 3
113 2
13 1
229 3
210 8
10 8
74 4
134 8
150 10
110 3
216 2
175 5
9 1
47 9
64 4
65 9
121 2
128 6
50 10
242 10
251 6
68 10
141 1
29 7
103 10
125 6
140 1
198 1
227 4
170 9
7 8
143 7
186 4
66 2
146 10
110 9
142 7
105 1
214 3
25 1
159 10
209 3
48 7
74 3
98 7
132 7
115 1
28 9
58 6
170 7
210 2
30 4
61 3
18 10
115 6
28 6
188 6
72 2
89 5
8 8
2 4
142 10
117 5
57 7
242 4
123 10
74 2
94 7
208 6
233 9
235 6
2 4
18 9
61 4
94 5
158 8
196 10
163 3
231 7
76 10
86 10
139 10
66 1
64 7
178 9
79 2
207 5
22 7
153 3
41 5
90 8
15 8
250 4
130 3
246 3
31 4
151 3
180 8
186 8
221 4
30 4
79 6
97 7
160 2
159 5
99 2
169 2
184 2
250 9
21 3
54 6
177 10
129 7
119 8
15 10
193 7
223 4
47 6
237 5
43 2
174 7
208 7
149 8
175 8
97 4
177 5
234 10
12 4
21 1
52 6
53 5
154 5
226 3
236 1
74 1
143 10
154 2
190 8
107 5
222 5
22 8
128 3
136 7
53 9
28 9
236 7
24 4
240 5
93 5
100 6
137 3
49 10
3 10
59 6
244 2
182 9
183 2
97 10
149 3
124 2
46 3
167 4
175 4
89 8
207 8
225 1
54 6
247 8
179 7
165 9
165 9
172 7
41 1
69 7
112 5
236 2
238 10
43 8
39 4
214 2
121 2
212 10
17 1
241 9
163 4
245 3
91 8
24 3
113 10
78 3
203 7
216 4
61 5
131 8
14 1
154 2
230 5
172 6
236 5
8 2
10 9
104 3
141 9
113 5
26 6
144 7
218 5
250 8
14 4
36 5
209 5
178 7
201 4
212 8
175 6
192 3
165 7
176 2
169 6
238 9
72 5
218 7
33 9
121 7
75 1
45 4
96 8
89 3
157 7
226 1
158 8
9 5
171 6
139 5
163 4
0 2
91 5
172 2
121 4
135 5
181 3
181 2
210 1
53 3
55 7
75 3
115 6
155 10
249 9
5 8
182 3
158 5
92 1
171 7
150 9
114 4
112 1
165 7
183 7
65 4
214 1
240 7
32 6
153 8
99 10
113 8
220 7
13 7
117 9
118 5
176 3
226 10
185 6
176 2
4 2
23 4
38 10
86 10
177 3
104 2
39 3
162 9
39 10
184 9
43 6
131 10
179 7
162 2
119 9
118 2
185 5
58 8
84 2
154 2
182 9
25 2
52 10
181 6
236 1
191 3
183 5
246 6
59 9
142 4
215 8
153 8
5 9
124 4
207 8
237 9
8 1
46 10
1 10
5 2
35 9
254 8
32 9
101 9
203 2
70 4
145 6
60 10
118 2
62 7
232 10
113 1
160 8
192 6
236 1
111 7
185 3
57 2
115 5
190 6
171 3
137 4
198 10
213 5
217 6
127 2
156 7
133 8
123 5
72 2
132 5
100 7
18 10
20 6
71 1
72 2
222 2
18 7
199 6
243 7
26 3
77 7
88 9
110 1
121 3
149 10
239 8
34 1
228 3
37 9
77 3
99 7
10 5
133 8
211 7
3 8
5 1
6 4
16 9
107 9
141 1
192 10
3 5
23 5
200 3
240 10
195 6
17 1
112 2
198 3
241 4
37 3
48 3
79 9
171 4
209 2
34 9
228 4
125 7
226 4
234 10
124 8
123 9
188 2
76 9
168 7
217 5
26 7
41 6
47 7
231 6
73 10
29 5
32 1
33 6
120 6
3 5
250 4
34 9
108 6
129 2
227 1
42 10
214 1
111 10
151 5
164 8
78 3
186 8
5 9
148 6
157 7
130 10
58 5
119 6
171 5
201 2
80 3
143 3
213 8
70 7
22 5
34 2
105 10
229 3
138 8
144 2
176 1
228 9
73 8
94 10
197 7
67 10
167 10
171 8
101 7
115 5
52 2
118 6
134 1
192 5
209 8
227 6
234 6
85 6
0 2
239 5
4 3
65 10
116 4
143 3
179 1
128 6
206 1
166 2
250 8
236 9
247 2
186 8
74 8
27 5
113 7
245 9
60 5
139 2
74 9
168 4
60 1
192 6
203 5
44 5
49 4
172 7
170 5
241 2
3 9
119 8
81 3
68 6
17 10
31 9
46 4
247 8
180 7
23 3
29 1
33 8
71 5
62 2
153 4
91 10
5 1
39 7
59 5
64 2
69 2
90 6
93 4
104 8
195 2
160 5
33 3
238 4
68 4
156 4
48 10
107 10
242 5
19 6
66 8
86 5
164 1
103 3
34 7
100 7
0 3
130 1
159 3
181 10
202 4
174 1
137 3
98 6
94 5
141 4
206 1
213 6
234 5
246 3
196 3
201 4
228 3
228 3
89 8
210 9
51 9
236 6
249 6
50 9
64 1
95 4
138 3
210 3
62 5
243 1
253 9
169 5
63 4
67 9
230 10
230 10
30 6
107 3
204 6
105 4
149 7
113 3
189 10
119 5
15 6
30 10
85 1
55 5
148 9
79 9
242 4
202 10
213 6
227 5
158 10
133 6
102 4
248 8
61 3
148 6
62 7
75 5
159 1
161 7
166 2
185 1
190 1
19 5
169 5
228 6
214 9
27 7
157 5
186 9
70 4
26 7
102 5
109 5
122 9
166 10
172 9
36 9
7 1
57 2
222 4
126 8
133 4
196 8
74 9
98 10
213 5
70 3
128 3
179 7
161 5
198 10
167 9
200 4
218 2
87 9
251 10
10 2
140 10
233 4
223 5
147 4
253 9
31 9
34 6
229 1
25 1
111 3
66 10
195 7
36 2
61 1
82 3
162 2
75 5
12 8
22 5
81 5
122 4
215 9
167 3
80 3
107 9
119 5
185 6
227 3
152 3
57 4
5 6
70 7
91 3
105 2
220 8
164 8
214 2
248 8
248 8
234 8
95 3
29 4
177 9
5 4
25 3
228 6
94 9
152 4
205 4
214 8
154 9
49 10
170 8
17 2
140 6
71 4
241 10
17 3
82 6
242 9
103 9
44 5
229 9
35 2
187 8
26 1
40 9
47 1
6 7
