32
0 5
5 5
10 5
15 3
18 5
23 7
30 8
38 4
42 3
45 4
49 8
57 9
66 4
70 6
76 3
79 6
85 7
92 9
101 5
106 7
113 3
116 5
121 8
129 6
135 7
142 5
147 7
154 9
163 4
167 7
174 7
181 5

22

186
22 2
28 3
10 1
17 5
28 2
4 3
6 5
6 2
7 2
12 1
18 4
13 9
16 10
19 3
23 9
27 9
24 8
11 3
1 3
22 2
26 3
11 7
13 8
27 1
30 6
26 9
24 1
12 2
18 6
22 8
1 5
1 2
16 2
24 4
11 10
13 3
16 2
24 6
1 2
11 10
17 8
20 9
21 2
23 1
23 9
17 1
10 5
14 2
26 6
0 1
9 5
30 2
21 9
17 8
15 2
21 9
31 8
6 10
7 10
16 5
3 3
4 7
20 1
24 7
25 5
28 3
19 4
1 1
5 2
29 7
2 9
4 8
6 3
22 7
16 7
27 10
21 4
9 2
15 6
10 2
15 10
15 10
14 6
17 9
19 5
2 10
6 2
11 5
24 9
6 2
13 7
25 5
7 8
9 1
10 8
27 10
15 9
0 5
31 2
27 1
29 7
2 4
5 6
18 9
18 9
30 4
12 4
15 5
2 3
28 6
21 1
30 4
31 4
7 9
11 1
22 8
8 2
10 9
14 4
19 1
10 9
0 2
4 2
13 7
30 5
26 5
5 8
20 8
23 4
8 1
22 4
8 9
27 3
2 9
25 2
3 8
5 1
6 4
16 9
6 6
11 7
26 3
16 5
11 5
23 2
26 7
29 5
4 3
5 9
22 5
29 7
25 7
9 6
24 3
3 9
5 1
17 10
23 3
17 1
13 10
29 7
29 1
31 9
0 3
19 6
11 3
0 2
26 7
27 7
27 1
17 7
25 5
12 7
30 10
5 6
10 2
22 5
19 4
18 4
29 10
31 9
17 2
27 9
10 8
30 9
19 4
