64
0 5
5 8
13 7
20 5
25 5
30 6
36 3
39 4
43 9
52 6
58 6
64 6
70 4
74 11
85 5
90 5
95 5
100 7
107 4
111 7
118 3
121 7
128 8
136 7
143 3
146 5
151 8
159 4
163 4
167 7
174 5
179 7
186 8
194 8
202 7
209 7
216 5
221 5
226 6
232 8
240 5
245 5
250 8
258 4
262 7
269 9
278 8
286 5
291 3
294 10
304 3
307 9
316 8
324 4
328 6
334 13
347 5
352 4
356 5
361 5
366 5
371 7
378 5
383 5

55

388
44 2
56 3
20 1
17 5
49 7
8 3
12 5
13 2
28 2
36 9
40 9
54 2
62 5
37 4
26 9
32 10
7 2
39 8
55 10
63 5
54 9
49 8
12 1
39 1
45 3
45 2
53 3
23 9
35 9
62 6
55 1
61 6
52 9
49 1
19 3
57 8
33 2
49 4
22 10
2 2
23 10
35 8
11 3
1 3
42 2
46 1
11 7
13 8
41 8
41 3
56 8
57 1
35 1
21 5
38 3
43 10
51 4
63 5
60 2
42 9
34 8
30 2
12 2
18 6
32 5
7 3
8 7
22 8
56 8
57 8
1 5
39 4
3 1
10 2
1 2
8 8
13 3
13 3
45 7
16 2
24 6
35 6
49 1
62 9
62 7
42 4
19 2
42 10
52 6
63 2
31 10
28 6
20 9
51 10
54 8
49 9
13 2
27 7
47 9
50 3
55 10
31 9
0 5
62 2
23 9
44 10
51 2
10 6
37 9
26 6
40 1
14 2
30 5
5 3
56 6
42 10
45 7
58 2
0 1
15 9
22 1
9 5
39 1
21 9
21 9
31 8
46 4
51 1
6 10
20 1
61 5
52 5
11 8
40 8
24 7
28 3
7 10
45 4
17 9
55 3
4 9
25 5
55 7
13 6
22 7
38 6
33 5
23 5
46 2
29 7
56 1
2 9
59 7
51 7
18 6
49 3
27 10
49 7
59 4
16 7
34 1
26 10
59 7
15 6
22 3
1 2
44 9
55 1
35 7
51 5
25 7
32 10
37 8
42 5
10 2
19 5
38 4
36 4
58 10
15 10
17 9
55 9
21 8
60 9
38 4
46 8
2 10
11 5
45 6
51 1
29 10
47 9
34 1
48 3
6 2
25 5
43 9
55 8
51 6
40 6
44 3
58 5
10 8
27 1
32 1
60 6
52 2
51 9
55 9
7 8
9 1
29 7
13 6
63 2
4 9
47 9
30 4
1 9
42 5
61 2
48 7
2 4
18 9
49 9
29 8
61 4
30 4
31 4
45 10
24 6
9 3
41 5
12 4
21 1
3 1
2 8
55 7
47 6
52 6
53 5
22 8
1 9
33 6
18 1
63 9
8 8
41 1
41 1
38 5
8 3
8 2
10 9
14 4
36 5
29 5
14 10
19 10
61 5
33 9
9 10
45 6
45 4
0 2
54 5
28 9
17 10
33 3
53 3
55 7
4 2
13 7
23 4
32 6
38 10
43 6
19 7
43 4
3 3
8 1
25 2
21 4
55 4
31 8
52 10
58 8
59 9
32 9
39 6
16 9
35 9
60 10
36 7
50 3
32 3
3 8
5 1
6 4
16 9
26 3
37 9
0 7
26 7
54 4
13 1
48 3
16 3
57 9
26 7
29 5
32 1
33 6
34 9
15 10
9 4
17 2
21 1
5 9
22 5
34 2
14 6
39 6
53 2
46 10
58 5
4 3
52 2
44 3
39 5
3 9
44 5
49 4
1 2
15 8
60 5
5 1
17 10
23 3
29 1
31 9
33 8
39 7
46 4
2 10
44 7
23 7
34 9
59 5
0 3
19 6
25 1
11 8
8 8
50 9
8 1
5 8
11 8
30 10
46 8
52 5
33 5
19 2
26 7
27 7
55 5
46 9
26 4
10 2
31 9
34 6
47 10
54 5
5 6
22 5
36 2
37 4
61 1
61 1
42 5
17 2
13 9
4 6
13 7
1 5
35 2
40 9
2 5
9 5
14 2
