2048
0 4
4 5
9 4
13 4
17 7
24 6
30 6
36 7
43 4
47 6
53 4
57 3
60 7
67 7
74 4
78 7
85 5
90 7
97 8
105 8
113 3
116 4
120 6
126 9
135 7
142 7
149 4
153 5
158 5
163 7
170 5
175 10
185 6
191 6
197 3
200 6
206 4
210 5
215 7
222 8
230 7
237 6
243 6
249 6
255 9
264 7
271 4
275 6
281 6
287 6
293 7
300 5
305 6
311 5
316 6
322 5
327 4
331 8
339 7
346 4
350 3
353 3
356 6
362 5
367 8
375 5
380 5
385 8
393 5
398 8
406 7
413 4
417 3
420 2
422 4
426 4
430 6
436 6
442 8
450 8
458 7
465 7
472 7
479 7
486 6
492 5
497 8
505 5
510 6
516 6
522 4
526 5
531 6
537 5
542 4
546 8
554 5
559 4
563 6
569 8
577 11
588 7
595 5
600 8
608 3
611 3
614 3
617 7
624 9
633 6
639 11
650 8
658 8
666 6
672 9
681 2
683 6
689 2
691 8
699 6
705 8
713 9
722 4
726 4
730 9
739 7
746 11
757 2
759 7
766 7
773 4
777 4
781 8
789 7
796 8
804 7
811 3
814 6
820 5
825 4
829 9
838 8
846 8
854 7
861 5
866 5
871 5
876 9
885 3
888 7
895 4
899 6
905 6
911 5
916 4
920 6
926 6
932 6
938 4
942 8
950 2
952 7
959 4
963 6
969 9
978 5
983 6
989 5
994 4
998 9
1007 6
1013 3
1016 5
1021 5
1026 6
1032 6
1038 6
1044 7
1051 6
1057 7
1064 5
1069 6
1075 6
1081 3
1084 6
1090 3
1093 8
1101 5
1106 9
1115 8
1123 5
1128 4
1132 3
1135 5
1140 7
1147 2
1149 6
1155 6
1161 4
1165 8
1173 6
1179 5
1184 6
1190 2
1192 6
1198 5
1203 5
1208 5
1213 4
1217 6
1223 4
1227 9
1236 7
1243 8
1251 8
1259 6
1265 7
1272 8
1280 8
1288 7
1295 8
1303 8
1311 4
1315 4
1319 6
1325 7
1332 7
1339 8
1347 10
1357 10
1367 8
1375 5
1380 5
1385 3
1388 3
1391 6
1397 5
1402 5
1407 8
1415 8
1423 6
1429 6
1435 6
1441 5
1446 3
1449 8
1457 4
1461 4
1465 7
1472 8
1480 4
1484 4
1488 5
1493 8
1501 9
1510 6
1516 5
1521 3
1524 5
1529 5
1534 3
1537 9
1546 6
1552 9
1561 4
1565 8
1573 5
1578 3
1581 6
1587 6
1593 6
1599 4
1603 5
1608 6
1614 10
1624 11
1635 7
1642 6
1648 7
1655 4
1659 8
1667 6
1673 5
1678 3
1681 4
1685 6
1691 4
1695 9
1704 6
1710 11
1721 7
1728 5
1733 7
1740 8
1748 4
1752 8
1760 9
1769 5
1774 8
1782 8
1790 7
1797 5
1802 4
1806 9
1815 7
1822 6
1828 8
1836 5
1841 6
1847 9
1856 5
1861 3
1864 6
1870 4
1874 7
1881 5
1886 9
1895 5
1900 5
1905 4
1909 2
1911 2
1913 8
1921 7
1928 9
1937 6
1943 11
1954 7
1961 5
1966 9
1975 6
1981 5
1986 7
1993 4
1997 9
2006 6
2012 9
2021 7
2028 4
2032 7
2039 9
2048 8
2056 7
2063 7
2070 5
2075 3
2078 5
2083 12
2095 10
2105 8
2113 7
2120 7
2127 8
2135 12
2147 5
2152 6
2158 9
2167 6
2173 4
2177 8
2185 5
2190 7
2197 8
2205 6
2211 10
2221 8
2229 5
2234 9
2243 6
2249 4
2253 8
2261 6
2267 5
2272 8
2280 4
2284 3
2287 5
2292 3
2295 4
2299 5
2304 5
2309 9
2318 10
2328 10
2338 8
2346 6
2352 7
2359 3
2362 6
2368 7
2375 5
2380 5
2385 8
2393 7
2400 4
2404 6
2410 6
2416 5
2421 8
2429 6
2435 5
2440 8
2448 5
2453 5
2458 8
2466 3
2469 6
2475 8
2483 5
2488 3
2491 5
2496 4
2500 9
2509 4
2513 5
2518 5
2523 6
2529 7
2536 6
2542 4
2546 2
2548 8
2556 4
2560 6
2566 8
2574 7
2581 6
2587 10
2597 8
2605 5
2610 5
2615 6
2621 4
2625 4
2629 9
2638 6
2644 5
2649 5
2654 5
2659 4
2663 5
2668 6
2674 5
2679 6
2685 5
2690 7
2697 3
2700 5
2705 8
2713 11
2724 4
2728 7
2735 8
2743 6
2749 5
2754 6
2760 3
2763 3
2766 4
2770 4
2774 4
2778 5
2783 13
2796 9
2805 4
2809 6
2815 5
2820 6
2826 6
2832 6
2838 7
2845 4
2849 6
2855 6
2861 6
2867 7
2874 6
2880 5
2885 5
2890 6
2896 7
2903 6
2909 4
2913 10
2923 6
2929 5
2934 5
2939 3
2942 7
2949 3
2952 5
2957 4
2961 6
2967 8
2975 5
2980 5
2985 3
2988 7
2995 7
3002 6
3008 3
3011 4
3015 3
3018 7
3025 8
3033 7
3040 4
3044 8
3052 6
3058 8
3066 8
3074 2
3076 10
3086 8
3094 7
3101 6
3107 8
3115 5
3120 5
3125 7
3132 8
3140 5
3145 6
3151 6
3157 9
3166 5
3171 4
3175 4
3179 4
3183 5
3188 10
3198 11
3209 5
3214 7
3221 7
3228 6
3234 6
3240 5
3245 4
3249 9
3258 5
3263 6
3269 6
3275 3
3278 11
3289 8
3297 5
3302 4
3306 8
3314 10
3324 4
3328 5
3333 5
3338 5
3343 8
3351 5
3356 6
3362 4
3366 6
3372 5
3377 5
3382 10
3392 7
3399 5
3404 4
3408 6
3414 4
3418 5
3423 4
3427 10
3437 4
3441 3
3444 7
3451 4
3455 4
3459 4
3463 8
3471 8
3479 5
3484 8
3492 7
3499 7
3506 6
3512 5
3517 7
3524 4
3528 8
3536 10
3546 6
3552 7
3559 7
3566 8
3574 4
3578 4
3582 3
3585 4
3589 5
3594 6
3600 7
3607 4
3611 7
3618 4
3622 6
3628 6
3634 4
3638 5
3643 8
3651 7
3658 3
3661 6
3667 6
3673 8
3681 6
3687 6
3693 7
3700 5
3705 5
3710 5
3715 5
3720 6
3726 6
3732 9
3741 6
3747 7
3754 7
3761 9
3770 5
3775 7
3782 5
3787 5
3792 4
3796 5
3801 8
3809 7
3816 4
3820 8
3828 6
3834 4
3838 3
3841 5
3846 4
3850 4
3854 6
3860 5
3865 5
3870 6
3876 6
3882 4
3886 2
3888 5
3893 7
3900 3
3903 5
3908 7
3915 8
3923 9
3932 8
3940 7
3947 5
3952 4
3956 4
3960 5
3965 3
3968 5
3973 7
3980 4
3984 4
3988 4
3992 4
3996 5
4001 9
4010 9
4019 4
4023 5
4028 6
4034 5
4039 9
4048 5
4053 7
4060 6
4066 7
4073 5
4078 6
4084 7
4091 6
4097 3
4100 4
4104 7
4111 5
4116 7
4123 10
4133 8
4141 6
4147 5
4152 4
4156 4
4160 5
4165 4
4169 8
4177 9
4186 2
4188 6
4194 10
4204 7
4211 9
4220 4
4224 4
4228 6
4234 5
4239 8
4247 6
4253 8
4261 6
4267 4
4271 8
4279 9
4288 8
4296 9
4305 4
4309 6
4315 5
4320 13
4333 5
4338 7
4345 7
4352 6
4358 9
4367 6
4373 5
4378 4
4382 3
4385 4
4389 4
4393 5
4398 5
4403 4
4407 6
4413 7
4420 3
4423 7
4430 8
4438 6
4444 5
4449 5
4454 5
4459 8
4467 5
4472 5
4477 5
4482 7
4489 6
4495 5
4500 7
4507 5
4512 6
4518 7
4525 6
4531 12
4543 5
4548 3
4551 6
4557 4
4561 9
4570 7
4577 3
4580 7
4587 5
4592 4
4596 5
4601 11
4612 5
4617 7
4624 3
4627 5
4632 6
4638 8
4646 5
4651 6
4657 5
4662 3
4665 4
4669 8
4677 4
4681 8
4689 5
4694 3
4697 4
4701 5
4706 4
4710 6
4716 6
4722 3
4725 5
4730 6
4736 3
4739 7
4746 8
4754 6
4760 5
4765 7
4772 10
4782 8
4790 9
4799 7
4806 8
4814 4
4818 4
4822 5
4827 9
4836 5
4841 5
4846 4
4850 5
4855 5
4860 5
4865 4
4869 8
4877 7
4884 7
4891 3
4894 5
4899 4
4903 8
4911 6
4917 5
4922 7
4929 7
4936 5
4941 3
4944 5
4949 5
4954 6
4960 10
4970 4
4974 5
4979 9
4988 5
4993 4
4997 2
4999 6
5005 7
5012 5
5017 6
5023 6
5029 5
5034 5
5039 6
5045 5
5050 6
5056 5
5061 9
5070 9
5079 9
5088 10
5098 8
5106 5
5111 8
5119 7
5126 9
5135 7
5142 7
5149 5
5154 7
5161 8
5169 9
5178 7
5185 6
5191 7
5198 2
5200 5
5205 5
5210 6
5216 10
5226 4
5230 5
5235 5
5240 5
5245 6
5251 3
5254 9
5263 9
5272 9
5281 7
5288 5
5293 5
5298 7
5305 3
5308 4
5312 8
5320 5
5325 6
5331 5
5336 4
5340 7
5347 6
5353 5
5358 6
5364 5
5369 6
5375 7
5382 5
5387 4
5391 7
5398 7
5405 8
5413 5
5418 6
5424 8
5432 13
5445 8
5453 10
5463 3
5466 8
5474 4
5478 5
5483 5
5488 6
5494 5
5499 4
5503 4
5507 10
5517 10
5527 5
5532 6
5538 5
5543 5
5548 7
5555 6
5561 9
5570 8
5578 6
5584 6
5590 5
5595 5
5600 5
5605 6
5611 7
5618 3
5621 9
5630 8
5638 4
5642 8
5650 6
5656 5
5661 4
5665 4
5669 5
5674 6
5680 7
5687 6
5693 4
5697 4
5701 5
5706 4
5710 6
5716 6
5722 8
5730 6
5736 4
5740 7
5747 5
5752 5
5757 8
5765 7
5772 6
5778 6
5784 2
5786 4
5790 4
5794 9
5803 6
5809 3
5812 6
5818 7
5825 3
5828 3
5831 2
5833 6
5839 8
5847 7
5854 10
5864 6
5870 4
5874 8
5882 6
5888 5
5893 6
5899 8
5907 4
5911 10
5921 3
5924 4
5928 5
5933 10
5943 5
5948 7
5955 5
5960 8
5968 3
5971 8
5979 4
5983 7
5990 8
5998 9
6007 5
6012 6
6018 5
6023 6
6029 8
6037 6
6043 4
6047 4
6051 4
6055 4
6059 8
6067 11
6078 7
6085 4
6089 5
6094 6
6100 6
6106 4
6110 5
6115 5
6120 7
6127 4
6131 7
6138 6
6144 5
6149 5
6154 7
6161 5
6166 6
6172 3
6175 7
6182 5
6187 8
6195 7
6202 5
6207 5
6212 9
6221 8
6229 5
6234 6
6240 4
6244 8
6252 5
6257 7
6264 7
6271 3
6274 5
6279 7
6286 3
6289 7
6296 4
6300 7
6307 8
6315 4
6319 4
6323 5
6328 9
6337 4
6341 5
6346 6
6352 7
6359 4
6363 5
6368 5
6373 5
6378 13
6391 10
6401 5
6406 4
6410 6
6416 6
6422 8
6430 4
6434 3
6437 5
6442 5
6447 6
6453 4
6457 9
6466 6
6472 8
6480 7
6487 7
6494 5
6499 5
6504 4
6508 9
6517 7
6524 5
6529 7
6536 5
6541 7
6548 7
6555 6
6561 4
6565 3
6568 4
6572 5
6577 7
6584 5
6589 5
6594 2
6596 5
6601 6
6607 7
6614 6
6620 3
6623 7
6630 5
6635 7
6642 7
6649 3
6652 9
6661 6
6667 8
6675 9
6684 5
6689 6
6695 5
6700 5
6705 11
6716 5
6721 6
6727 5
6732 5
6737 6
6743 9
6752 7
6759 8
6767 8
6775 7
6782 6
6788 5
6793 5
6798 7
6805 8
6813 6
6819 6
6825 6
6831 5
6836 6
6842 5
6847 5
6852 3
6855 8
6863 4
6867 6
6873 5
6878 5
6883 7
6890 6
6896 6
6902 5
6907 7
6914 7
6921 2
6923 6
6929 8
6937 5
6942 6
6948 6
6954 3
6957 5
6962 5
6967 5
6972 6
6978 3
6981 9
6990 5
6995 3
6998 3
7001 3
7004 7
7011 7
7018 7
7025 4
7029 6
7035 5
7040 3
7043 3
7046 6
7052 7
7059 9
7068 6
7074 4
7078 7
7085 7
7092 5
7097 7
7104 7
7111 5
7116 7
7123 4
7127 8
7135 6
7141 5
7146 9
7155 10
7165 10
7175 3
7178 8
7186 3
7189 5
7194 6
7200 5
7205 7
7212 6
7218 3
7221 4
7225 8
7233 3
7236 6
7242 5
7247 5
7252 6
7258 5
7263 5
7268 7
7275 4
7279 7
7286 5
7291 3
7294 6
7300 7
7307 8
7315 7
7322 5
7327 8
7335 7
7342 8
7350 7
7357 8
7365 7
7372 12
7384 2
7386 4
7390 4
7394 7
7401 6
7407 4
7411 8
7419 6
7425 6
7431 5
7436 5
7441 8
7449 9
7458 7
7465 6
7471 5
7476 7
7483 3
7486 9
7495 7
7502 11
7513 4
7517 3
7520 6
7526 3
7529 6
7535 6
7541 5
7546 6
7552 6
7558 6
7564 6
7570 7
7577 8
7585 9
7594 4
7598 6
7604 7
7611 7
7618 7
7625 9
7634 7
7641 4
7645 2
7647 6
7653 6
7659 3
7662 7
7669 4
7673 5
7678 4
7682 5
7687 4
7691 7
7698 7
7705 6
7711 6
7717 5
7722 5
7727 6
7733 8
7741 7
7748 7
7755 8
7763 6
7769 8
7777 6
7783 6
7789 3
7792 4
7796 4
7800 4
7804 8
7812 4
7816 7
7823 8
7831 6
7837 9
7846 4
7850 3
7853 9
7862 7
7869 6
7875 4
7879 3
7882 8
7890 4
7894 6
7900 5
7905 8
7913 8
7921 7
7928 4
7932 5
7937 3
7940 7
7947 7
7954 10
7964 4
7968 10
7978 6
7984 9
7993 4
7997 8
8005 7
8012 6
8018 6
8024 8
8032 12
8044 5
8049 6
8055 5
8060 3
8063 5
8068 7
8075 2
8077 7
8084 8
8092 6
8098 7
8105 3
8108 8
8116 5
8121 7
8128 5
8133 3
8136 8
8144 7
8151 4
8155 10
8165 5
8170 3
8173 9
8182 6
8188 4
8192 6
8198 3
8201 5
8206 6
8212 8
8220 4
8224 5
8229 4
8233 6
8239 6
8245 6
8251 8
8259 8
8267 8
8275 6
8281 7
8288 8
8296 10
8306 5
8311 6
8317 5
8322 7
8329 5
8334 8
8342 5
8347 4
8351 9
8360 7
8367 5
8372 5
8377 11
8388 9
8397 4
8401 6
8407 5
8412 6
8418 4
8422 6
8428 9
8437 5
8442 4
8446 7
8453 5
8458 7
8465 6
8471 4
8475 5
8480 6
8486 6
8492 9
8501 3
8504 4
8508 8
8516 3
8519 5
8524 5
8529 7
8536 6
8542 7
8549 5
8554 4
8558 5
8563 5
8568 8
8576 5
8581 6
8587 6
8593 3
8596 6
8602 7
8609 2
8611 6
8617 8
8625 6
8631 6
8637 6
8643 6
8649 4
8653 6
8659 6
8665 9
8674 5
8679 7
8686 7
8693 7
8700 10
8710 6
8716 7
8723 7
8730 7
8737 7
8744 3
8747 6
8753 8
8761 6
8767 7
8774 10
8784 4
8788 5
8793 10
8803 5
8808 7
8815 4
8819 8
8827 4
8831 7
8838 6
8844 7
8851 4
8855 5
8860 7
8867 9
8876 7
8883 8
8891 9
8900 6
8906 2
8908 5
8913 3
8916 5
8921 7
8928 6
8934 3
8937 6
8943 8
8951 7
8958 8
8966 6
8972 7
8979 7
8986 4
8990 3
8993 5
8998 7
9005 6
9011 6
9017 8
9025 7
9032 8
9040 5
9045 7
9052 6
9058 7
9065 9
9074 3
9077 7
9084 4
9088 5
9093 7
9100 5
9105 5
9110 9
9119 5
9124 7
9131 5
9136 9
9145 5
9150 7
9157 5
9162 4
9166 7
9173 10
9183 7
9190 7
9197 10
9207 7
9214 7
9221 6
9227 4
9231 10
9241 7
9248 6
9254 5
9259 6
9265 7
9272 8
9280 4
9284 8
9292 6
9298 8
9306 6
9312 7
9319 7
9326 11
9337 7
9344 8
9352 7
9359 10
9369 4
9373 3
9376 6
9382 7
9389 7
9396 3
9399 5
9404 7
9411 8
9419 7
9426 7
9433 8
9441 5
9446 6
9452 6
9458 4
9462 8
9470 5
9475 7
9482 6
9488 5
9493 5
9498 6
9504 4
9508 5
9513 7
9520 5
9525 6
9531 6
9537 9
9546 5
9551 4
9555 8
9563 6
9569 5
9574 3
9577 4
9581 8
9589 9
9598 5
9603 7
9610 3
9613 7
9620 3
9623 4
9627 7
9634 5
9639 5
9644 6
9650 9
9659 5
9664 4
9668 6
9674 7
9681 4
9685 6
9691 6
9697 7
9704 5
9709 8
9717 7
9724 7
9731 7
9738 6
9744 8
9752 7
9759 3
9762 6
9768 6
9774 6
9780 3
9783 6
9789 5
9794 2
9796 5
9801 10
9811 6
9817 8
9825 6
9831 3
9834 5
9839 2
9841 4
9845 9
9854 5
9859 8
9867 5
9872 9
9881 7
9888 5
9893 8
9901 8
9909 6
9915 7
9922 9
9931 6
9937 8
9945 6
9951 3
9954 7
9961 8
9969 5
9974 7
9981 6
9987 11
9998 5
10003 8
10011 6
10017 4
10021 5
10026 7
10033 6
10039 9
10048 10
10058 3
10061 6
10067 5
10072 4
10076 7
10083 6
10089 5
10094 9
10103 3
10106 4
10110 8
10118 6
10124 7
10131 6
10137 5
10142 3
10145 6
10151 3
10154 8
10162 4
10166 6
10172 5
10177 6
10183 5
10188 5
10193 4
10197 7
10204 8
10212 7
10219 5
10224 5
10229 5
10234 10
10244 6
10250 5
10255 7
10262 4
10266 7
10273 8
10281 5
10286 7
10293 7
10300 5
10305 5
10310 4
10314 6
10320 5
10325 5
10330 4
10334 5
10339 11
10350 5
10355 8
10363 7
10370 6
10376 4
10380 8
10388 7
10395 7
10402 3
10405 6
10411 8
10419 7
10426 7
10433 7
10440 3
10443 5
10448 7
10455 5
10460 8
10468 4
10472 5
10477 9
10486 8
10494 6
10500 8
10508 8
10516 6
10522 6
10528 10
10538 6
10544 5
10549 6
10555 5
10560 7
10567 4
10571 2
10573 5
10578 8
10586 4
10590 9
10599 5
10604 6
10610 8
10618 8
10626 7
10633 9
10642 6
10648 5
10653 5
10658 6
10664 5
10669 6
10675 4
10679 7
10686 7
10693 4
10697 7
10704 7
10711 6
10717 6
10723 7
10730 5
10735 5
10740 7
10747 5
10752 6
10758 5
10763 6
10769 6
10775 9
10784 8
10792 9
10801 6
10807 6
10813 6
10819 7
10826 8
10834 9
10843 5
10848 6
10854 2
10856 8
10864 7
10871 11
10882 6
10888 8
10896 6
10902 5
10907 7
10914 5
10919 5
10924 6
10930 6
10936 11
10947 4
10951 4
10955 8
10963 5
10968 6
10974 5
10979 5
10984 6
10990 8
10998 7
11005 5
11010 6
11016 8
11024 4
11028 6
11034 8
11042 7
11049 5
11054 6
11060 6
11066 6
11072 5
11077 8
11085 8
11093 5
11098 6
11104 7
11111 6
11117 6
11123 4
11127 8
11135 3
11138 8
11146 7
11153 3
11156 4
11160 6
11166 5
11171 4
11175 4
11179 6
11185 6
11191 8
11199 6
11205 7
11212 6
11218 7
11225 6
11231 8
11239 7
11246 5
11251 7
11258 2
11260 6
11266 5
11271 8
11279 8
11287 5
11292 14
11306 7
11313 7
11320 10
11330 6
11336 7
11343 6
11349 5
11354 9
11363 4
11367 3
11370 3
11373 3
11376 9
11385 5
11390 6
11396 8
11404 5
11409 4
11413 6
11419 5
11424 8
11432 3
11435 6
11441 6
11447 4
11451 5
11456 7
11463 10
11473 8
11481 6
11487 4
11491 5
11496 6
11502 5
11507 5
11512 10
11522 8
11530 5
11535 5
11540 5
11545 7
11552 5
11557 6
11563 4
11567 5
11572 3
11575 7
11582 6
11588 5
11593 6
11599 6
11605 4
11609 5
11614 6
11620 10
11630 8
11638 5
11643 5
11648 6
11654 5
11659 4
11663 8
11671 5
11676 4
11680 5
11685 7
11692 6
11698 10
11708 8
11716 10
11726 4
11730 4
11734 6
11740 5
11745 7
11752 5
11757 5
11762 7
11769 8
11777 4
11781 6
11787 5
11792 7
11799 8
11807 5
11812 7
11819 8
11827 7
11834 5
11839 7
11846 8
11854 9
11863 7
11870 5
11875 5
11880 2
11882 5
11887 4
11891 6
11897 7
11904 7
11911 8
11919 9
11928 4
11932 6
11938 3
11941 6
11947 6
11953 5
11958 5
11963 9
11972 3
11975 8
11983 5
11988 6
11994 6
12000 5
12005 7
12012 6
12018 6
12024 8
12032 7
12039 7
12046 8
12054 3
12057 4
12061 7
12068 4
12072 9
12081 4
12085 7
12092 8
12100 5
12105 6
12111 6
12117 7
12124 6
12130 6
12136 4
12140 8
12148 4
12152 6
12158 6
12164 6
12170 8
12178 5
12183 5
12188 5
12193 5
12198 7
12205 4
12209 8
12217 7
12224 6
12230 7
12237 7
12244 10
12254 4
12258 6
12264 9
12273 5
12278 6
12284 7
12291 5
12296 4
12300 8
12308 4
12312 4
12316 8

85

12324
1176 9
1918 4
524 5
1269 1
872 9
1914 3
1457 1
1107 10
1245 4
497 4
981 9
1024 2
1267 2
716 1
1754 8
307 8
1078 9
563 5
1248 6
1907 2
64 4
346 5
1337 7
1757 6
1024 2
1391 1
1397 10
10 9
653 6
1392 9
1234 1
1202 8
1925 2
985 7
190 5
770 6
342 4
1329 7
84 5
182 6
273 4
347 4
1765 2
1272 2
821 2
248 10
1235 4
1783 2
552 6
1596 4
1152 10
1327 7
1564 7
5 9
280 5
1029 3
1618 10
1629 2
540 10
552 6
268 10
159 2
1061 9
1070 5
797 6
887 8
1289 9
596 9
1007 6
188 2
752 2
999 5
1072 9
1665 1
212 3
1674 8
203 3
352 6
1479 6
1233 4
732 10
1197 5
1352 5
1707 3
1910 6
1096 9
175 2
1435 7
774 4
799 8
1014 3
1578 10
1592 3
306 7
1559 8
1756 8
1945 6
507 6
1261 4
392 10
1089 2
230 4
266 6
310 8
1507 1
1552 1
1583 5
348 8
46 2
510 6
1298 6
1313 9
1666 6
1118 4
1727 9
1070 3
867 10
1535 1
1038 8
962 4
443 6
230 2
1502 4
455 2
1066 4
1402 9
1002 7
1067 9
781 2
1401 7
469 6
875 2
1066 10
1281 6
1849 8
866 1
188 8
108 10
200 10
474 8
715 10
1114 3
1815 2
1705 2
1394 3
386 8
634 8
1480 10
1788 4
2047 5
734 5
313 9
816 4
322 3
1812 5
977 2
1667 6
1803 2
39 1
1367 1
1953 8
394 4
982 9
716 10
2002 8
225 2
1060 7
1083 8
1694 9
1738 1
448 7
415 4
1665 9
90 7
871 1
1342 8
916 5
294 6
444 1
664 6
1121 10
1248 7
1717 9
1799 7
2005 6
717 6
516 9
1335 2
979 8
144 7
676 7
1124 9
1693 1
1647 10
1816 2
1856 10
1938 10
917 9
1315 6
1499 10
1414 1
109 4
39 2
179 3
221 5
1976 3
930 6
474 10
220 1
1822 5
1947 5
586 9
161 5
255 2
1041 4
362 1
1666 2
67 4
1733 10
737 10
1238 2
1385 8
28 1
35 2
721 1
1411 3
1345 9
230 3
452 8
1352 6
1339 4
1590 6
1061 7
554 4
866 9
1766 8
1931 7
1819 8
1599 5
1638 1
691 6
1453 10
1537 2
619 10
676 4
1857 5
330 1
1487 4
1755 6
1369 5
1300 7
1223 4
1639 8
1956 1
2026 3
220 6
515 1
843 7
47 10
148 5
185 9
227 8
684 3
803 8
505 7
216 10
830 8
122 5
871 5
1275 6
1655 8
1296 9
483 8
19 2
269 7
1908 6
44 10
196 4
322 4
654 6
1018 6
1040 3
969 6
1674 3
1312 9
1179 9
2041 3
723 9
1197 1
302 1
279 5
1325 1
1908 6
69 3
1878 4
1940 7
1526 7
1056 2
1094 2
1607 3
1299 5
238 9
1026 3
1497 7
1606 7
98 6
1847 8
172 10
480 10
688 3
1943 10
856 9
1081 7
115 3
145 8
1859 9
114 7
1157 6
1795 7
211 6
770 3
1159 8
962 4
1775 6
105 5
681 8
1785 5
901 6
2035 4
174 4
691 7
1215 6
715 9
870 3
1341 7
421 3
1424 5
1508 1
1557 9
1016 6
217 1
1301 3
352 8
972 4
1158 10
1530 3
1989 7
2033 3
857 9
1760 6
1145 8
1270 6
1207 9
1904 7
1911 9
860 9
1384 5
989 3
215 8
456 1
719 1
1160 2
1069 3
1568 9
446 1
650 6
994 4
4 4
112 6
1548 5
1050 5
79 7
1581 4
1627 7
1944 6
1636 8
1124 9
1084 1
753 4
1575 3
522 3
1713 9
134 6
535 10
283 1
38 4
1067 10
929 4
189 5
1041 2
101 9
823 6
1624 3
1575 4
751 2
802 9
564 7
1003 1
50 3
690 8
775 7
165 2
449 6
993 5
1455 10
1928 8
1073 9
248 3
351 9
890 7
1194 6
1524 9
1759 5
1277 8
1456 7
214 4
522 4
914 6
479 3
744 1
1514 10
146 3
647 7
255 3
684 9
1756 4
1202 7
1016 8
1560 1
1935 10
1082 4
586 1
1845 1
761 4
701 8
723 1
1948 7
1298 5
783 5
135 10
758 10
1773 1
625 9
2016 1
1798 6
1503 5
526 2
1389 6
1758 6
2022 6
736 9
64 7
447 3
350 3
228 1
559 6
1432 10
1652 8
434 1
126 4
95 8
381 3
488 5
666 10
948 2
1839 6
340 1
1224 4
380 10
144 9
899 6
1977 5
1835 3
340 2
1469 8
1438 5
1070 6
1469 2
1967 2
265 9
1842 5
1735 8
383 7
598 1
1737 7
1893 8
1303 3
7 5
123 8
124 4
1116 6
1812 9
1001 9
507 3
215 7
1297 5
911 2
603 2
274 5
1969 6
783 4
436 10
1033 10
1274 9
1386 2
142 3
695 4
1465 3
1757 8
1820 10
1189 4
805 2
702 3
1557 9
837 6
1669 3
1066 1
1743 1
393 4
831 1
1044 10
2027 7
495 9
30 7
217 4
338 8
1815 9
1632 3
1071 8
443 9
1900 8
499 5
142 2
389 7
769 6
1358 7
1925 5
912 5
1632 6
1879 9
1537 1
1954 8
1768 10
316 6
170 1
1775 5
740 5
176 1
1665 7
80 8
755 10
773 8
2013 3
2042 5
1948 2
473 6
272 8
702 8
1415 7
1720 2
470 8
789 7
995 10
52 6
1926 6
1878 4
1533 10
690 3
1255 3
917 3
1892 10
181 4
287 5
514 3
733 7
1357 6
1653 6
1555 2
1316 8
1675 2
265 6
404 10
431 5
607 8
789 7
1036 6
1200 5
1253 1
67 9
931 6
151 6
385 10
528 4
1446 3
1522 2
1139 6
1476 8
1985 8
1357 2
1136 7
1556 8
1580 8
289 1
702 8
1138 8
1486 7
1713 2
1946 7
211 1
275 6
1182 9
55 5
1394 5
927 10
1254 10
369 3
1291 8
1779 8
1732 7
554 2
1787 3
244 5
312 4
1293 5
24 10
1265 6
209 1
223 9
677 9
1243 10
1567 6
1863 5
1975 6
35 4
754 10
1572 4
344 8
554 4
1123 2
1591 5
1707 3
156 5
288 6
335 4
1361 1
1403 6
1490 8
1706 7
1759 7
1961 3
957 6
1312 5
757 1
460 7
949 5
1683 9
1843 7
1939 8
64 6
1451 5
1215 1
646 8
626 3
1030 3
1820 3
2011 1
671 2
1796 9
1032 3
149 6
152 3
1366 6
54 7
1290 9
166 7
826 6
611 7
513 2
1074 9
1988 7
2031 3
53 3
1933 1
1466 5
1439 10
977 6
431 2
503 6
1202 8
899 1
258 1
1304 5
970 4
1024 5
212 6
667 7
807 10
961 1
1953 4
536 8
1876 7
901 8
1834 5
1847 3
1896 7
1849 4
245 9
623 5
1105 1
1303 5
1476 5
1548 5
1908 5
1459 6
1912 2
960 8
1270 7
599 1
687 9
1150 2
1524 7
1796 5
1978 7
45 5
1835 3
1126 5
534 3
84 8
1233 6
1735 1
562 10
383 10
84 4
275 6
242 4
497 8
683 4
1132 1
1840 1
1903 6
539 6
277 8
919 2
1037 4
1761 10
1780 8
80 4
1394 10
1987 1
512 4
450 6
455 5
775 4
1170 8
1393 3
1720 1
2018 7
1588 10
348 2
1267 4
246 1
1524 9
625 1
461 9
543 5
1404 3
1392 7
1998 7
1163 8
571 5
750 4
1303 10
1660 10
913 3
523 2
948 3
1995 2
808 8
178 1
1125 2
749 2
929 1
395 8
475 8
1728 8
232 9
393 4
1412 10
1444 1
599 5
1745 9
406 5
1822 6
563 7
811 3
942 9
66 6
1971 7
474 5
633 5
625 5
625 3
633 8
1637 4
77 10
1101 5
732 10
777 10
800 6
1301 9
1367 6
1625 1
488 7
1226 8
1206 9
177 6
1878 2
1007 2
1094 8
1272 4
1445 7
749 1
1709 1
1382 10
1620 10
690 3
1580 3
845 5
1624 10
1779 10
581 2
262 4
2028 5
723 9
1118 2
1353 10
1475 9
1875 7
526 8
428 2
650 3
346 4
585 5
1010 1
1144 9
2016 6
87 3
92 2
1738 6
848 8
1697 9
639 9
1645 10
2000 9
1628 2
1283 10
1937 8
544 10
404 9
422 4
2019 8
1852 6
32 7
281 10
81 9
1040 4
53 8
1468 9
1731 8
2041 8
1293 9
73 3
1667 10
565 10
571 3
759 8
683 1
800 6
384 6
170 10
197 9
998 5
1383 7
1748 6
1765 6
44 5
1560 9
694 4
1202 1
113 6
1163 4
1107 1
587 6
942 2
1322 10
1349 8
1101 10
2047 10
765 7
1237 8
101 6
1936 7
1712 6
1184 7
1379 2
577 6
1185 7
1299 9
113 3
549 7
1266 6
469 9
1306 4
721 9
940 7
1765 5
1968 10
1929 7
1484 7
565 1
1831 9
1033 3
480 1
656 2
1583 3
1693 9
110 5
1001 3
1377 10
1620 1
667 4
1336 6
1116 3
834 8
515 1
781 7
966 2
1877 4
298 4
1544 4
392 6
1564 9
12 2
1868 1
696 9
1859 9
1226 9
539 6
1559 5
1968 10
1703 5
1480 7
910 9
1514 5
902 9
37 5
707 7
802 8
1046 1
1056 10
382 1
472 9
1156 2
663 6
1846 1
1569 6
836 9
932 10
1564 7
1518 7
1217 10
1161 4
1648 7
466 3
778 7
1192 10
1540 7
2010 10
69 2
1177 8
1658 4
467 6
1470 2
114 7
642 1
1661 10
566 3
1074 1
1494 10
350 4
1819 10
1539 9
356 4
1204 8
1807 10
1737 5
740 10
2034 7
1380 6
1834 4
212 2
600 8
643 1
708 4
954 5
1186 2
2017 8
94 1
147 10
327 10
452 10
1157 10
1243 7
1835 2
1914 5
633 10
52 10
226 10
1661 2
589 10
651 6
1007 1
1472 7
1201 9
615 7
1793 7
477 4
1693 7
56 4
846 3
297 1
975 10
16 2
863 7
721 3
521 7
921 2
226 6
95 1
682 4
247 1
490 6
1536 9
872 10
137 6
367 9
1177 8
684 6
277 9
465 2
555 7
131 1
1323 1
1672 10
300 8
317 10
1413 1
757 4
1400 1
35 3
1083 2
1159 8
1242 1
1438 4
1915 1
496 9
280 3
836 8
728 8
99 4
1621 9
1555 4
1951 8
1240 5
1451 1
2010 2
7 6
1493 5
1090 8
388 9
1714 4
882 1
1139 1
580 5
1130 6
879 1
1091 2
493 4
235 9
1498 10
44 9
621 6
811 9
1894 8
1455 6
329 3
573 1
1439 4
1577 5
1621 9
2014 3
228 8
1272 10
1954 10
1736 10
1946 6
24 8
13 2
620 7
1141 2
588 2
1174 8
1329 5
1528 10
1918 8
67 5
616 9
1826 3
1824 5
869 5
199 2
597 2
1725 6
6 5
1551 2
211 9
1363 7
1935 7
336 9
541 7
1479 1
1880 10
1158 2
740 10
941 7
1783 8
1907 7
1045 7
1722 1
1970 3
1579 1
969 6
1175 4
404 10
808 10
1314 1
1337 1
967 6
662 2
47 4
562 4
1570 5
950 5
1523 4
1651 7
1325 2
147 9
501 7
926 3
1749 9
1955 2
549 6
1652 8
680 8
678 7
1665 5
1009 8
189 2
702 4
211 7
635 8
761 8
1091 1
1334 4
24 10
851 1
1295 3
250 1
1567 6
1287 9
403 5
367 4
849 1
1964 8
802 5
1050 10
678 8
265 2
1790 5
1977 3
727 2
14 3
509 7
1184 8
859 2
963 7
1513 8
2046 4
468 8
1829 6
516 1
545 3
1526 4
1434 6
1923 5
1338 3
649 3
1685 3
1088 1
1795 7
394 9
859 5
1004 8
498 4
1695 10
1390 2
927 7
1980 2
853 4
108 1
1733 7
1833 5
1905 2
519 2
1113 7
600 4
992 5
104 1
190 9
54 6
199 7
1385 9
372 7
850 3
1450 2
1816 7
14 3
1337 1
169 2
118 6
667 8
1517 4
1637 4
1960 5
806 6
442 10
752 7
809 2
1176 1
1218 1
1437 2
71 4
1536 10
1103 3
488 6
282 9
826 6
1326 7
1977 10
85 7
1808 1
62 8
1073 4
1135 8
1443 10
45 10
1116 3
1450 1
1327 6
761 10
852 4
1334 3
58 1
90 4
907 9
371 6
394 8
524 5
1675 3
1974 2
1085 6
701 7
852 3
229 4
708 6
1009 10
1108 7
1851 1
605 5
657 1
1747 10
1143 4
374 1
474 7
677 1
44 6
36 1
1438 1
1307 1
960 5
918 4
1061 3
1154 8
1875 8
35 5
1259 9
753 9
1213 5
1224 9
1732 3
1808 8
600 9
1037 4
1166 6
1510 6
108 9
621 4
1932 6
1053 8
1484 6
424 3
602 6
274 4
1101 6
1779 3
1480 3
29 2
757 7
383 2
385 9
1567 10
1780 5
172 10
1329 9
241 6
175 6
943 10
1702 1
1899 1
652 8
965 10
1608 2
44 8
720 2
866 7
1894 9
1905 6
187 8
545 9
2040 5
79 1
1266 8
268 5
524 3
1343 1
1566 9
1584 2
1852 9
1676 3
218 4
1598 9
343 9
561 7
1285 8
1387 6
1791 7
1889 6
22 2
1462 9
1649 2
18 4
39 3
795 4
986 5
1326 5
1835 5
808 8
365 6
1471 3
1595 7
635 3
132 9
1168 5
376 7
1701 9
322 4
1318 10
572 1
1200 5
1279 10
672 2
1028 9
184 9
766 9
1316 9
1711 9
1890 7
2044 9
1947 6
1193 10
1533 6
1269 1
822 10
875 1
584 6
1387 10
1514 8
51 9
759 9
762 10
1892 2
459 8
606 1
1341 8
1398 1
823 3
531 6
241 1
443 5
660 8
1643 3
1663 8
1980 9
1842 9
1468 3
621 1
1328 8
1442 4
1954 10
226 6
340 1
239 1
498 9
873 8
1949 2
124 4
656 7
467 6
1372 1
1505 10
1753 8
1092 3
703 5
1671 9
1577 1
1697 9
107 5
1617 9
1061 2
120 9
1574 10
1345 8
1144 9
589 8
404 4
468 2
1867 6
128 1
1817 9
899 1
816 10
176 1
360 9
831 2
1211 10
70 3
1693 3
8 10
714 9
730 4
1679 10
1965 10
2007 4
481 4
1969 5
1098 4
1347 10
1349 2
1574 4
1682 1
706 5
722 1
200 1
1790 3
1156 8
1132 5
350 6
1609 5
1292 7
1327 8
908 8
1748 5
1024 3
1235 8
353 4
384 9
1325 7
342 10
430 8
701 5
1621 6
545 8
1157 8
698 10
946 8
291 10
554 7
606 2
684 2
757 10
74 3
1003 8
37 2
1805 5
1850 8
2043 8
1183 4
1686 5
441 9
679 10
1899 5
289 10
1186 3
2009 2
117 1
297 3
510 4
1572 9
2019 1
675 1
980 10
832 4
1154 3
1794 2
494 9
1870 9
471 5
1294 5
653 9
1518 1
302 3
447 9
494 1
1297 9
1321 7
1714 9
140 4
1531 8
1403 9
1906 3
1244 5
1439 5
523 8
1455 2
1049 2
1198 5
1548 5
1549 5
1603 1
1724 5
1744 7
367 1
1839 10
1168 4
1991 9
83 9
202 2
1036 5
100 6
504 8
520 1
541 8
2024 4
18 6
1703 8
923 10
1064 9
1589 10
707 8
1621 10
1142 5
12 10
397 8
1478 2
228 5
454 5
1280 1
1546 10
1461 3
46 7
1148 4
1318 7
2000 9
693 9
1934 4
862 3
1356 9
1591 3
1997 1
533 6
677 1
999 5
716 5
656 6
303 5
96 8
1118 7
1333 7
1641 8
7 4
365 1
690 1
1008 5
1021 6
86 5
1046 10
401 8
224 4
463 9
389 10
611 6
1271 5
1746 5
1944 9
104 6
124 6
326 7
870 8
1468 1
1661 1
598 8
1124 1
1220 7
1686 10
1845 4
545 3
856 5
745 3
1342 7
1422 9
1892 7
1965 4
277 6
277 6
125 8
530 7
177 9
1496 1
514 4
363 6
1994 2
419 7
555 5
1597 3
1898 6
49 5
1606 7
336 6
1386 2
10 5
180 3
1773 3
769 8
1487 3
728 7
1390 3
1582 7
144 10
1134 9
1157 3
1571 3
976 3
1422 1
518 2
214 9
787 6
1158 7
1855 4
66 1
601 9
1338 6
1218 9
1542 2
309 5
355 8
1957 2
1679 6
806 1
809 8
1601 1
1967 3
1237 10
1088 2
679 3
1640 6
1059 5
99 5
928 10
1107 7
626 5
948 9
1193 10
1323 4
1585 10
327 5
110 6
1581 10
1447 7
1206 2
1209 9
103 1
257 10
289 10
289 10
1002 8
873 10
1590 6
618 9
883 8
933 7
1730 3
1802 10
1495 6
925 9
1448 6
423 1
553 2
1276 2
254 10
956 2
1560 1
1537 1
1986 4
563 10
352 1
416 10
852 9
520 7
634 7
1885 1
919 1
1095 6
1794 6
887 4
1134 1
1408 1
1749 6
1919 2
31 6
1153 5
734 7
1708 1
449 10
1171 2
1150 1
1400 8
317 9
511 6
548 10
1847 2
814 10
1869 7
1934 10
668 7
414 2
772 1
1186 2
1503 3
1831 10
258 3
174 1
431 4
1272 7
661 1
158 4
1564 10
512 8
1082 2
386 10
397 7
1085 6
1836 7
1272 1
1248 1
1190 2
742 1
1151 3
1419 8
1441 8
2034 9
858 5
178 8
365 8
1172 2
1129 5
1797 4
1871 4
1537 4
864 2
427 4
1000 5
1079 5
49 1
2001 4
261 3
1689 8
272 5
334 6
1389 9
1599 6
1120 2
339 2
641 9
1124 2
1898 2
724 6
1163 8
1221 6
324 6
564 7
575 5
775 2
341 9
1510 4
688 6
1515 8
714 6
1556 3
865 8
1463 10
17 7
1817 10
344 6
1742 1
1763 1
1962 6
2030 3
3 8
1644 1
1528 4
1756 1
1682 4
1843 6
590 10
839 9
1001 1
1291 4
284 5
404 10
1882 9
850 8
1085 6
422 8
1245 2
1586 9
1622 2
467 9
539 1
18 8
464 10
1215 9
1793 8
1882 7
519 1
1583 5
529 6
512 10
107 4
468 9
715 10
1681 9
1654 4
904 10
26 9
1569 2
1169 6
992 9
428 9
698 5
1474 4
1580 3
373 9
1765 4
1303 5
1770 4
477 2
94 6
1245 5
1106 4
799 10
1878 1
643 3
1241 8
1278 2
1734 4
1165 10
178 10
545 9
295 9
934 8
1708 1
1127 2
397 4
433 3
504 3
1319 9
455 1
486 1
1302 9
1420 1
1725 2
910 2
2028 10
27 3
233 4
47 4
1132 7
388 8
1539 3
512 6
1846 5
1223 3
1108 7
917 5
1070 4
1239 7
1445 3
1856 10
645 7
1767 1
304 6
1896 6
782 7
877 9
890 6
1234 2
1416 1
954 9
1754 5
361 7
898 9
1021 10
1520 6
275 7
1521 9
669 5
1581 7
1460 1
352 6
843 3
1341 10
1583 9
1869 2
1890 4
170 10
288 5
1282 8
1623 9
925 8
1609 7
2045 8
2001 5
1070 2
483 2
1811 8
1947 9
1626 4
186 3
1393 1
499 4
544 5
642 6
945 5
987 10
1612 1
498 9
42 1
1988 10
1390 6
520 2
1178 5
601 6
1850 8
671 1
1293 3
1676 4
1778 7
1355 3
694 10
739 9
868 10
1015 8
1350 4
1768 7
822 3
365 9
1912 8
303 6
1677 9
1695 3
1370 9
1145 5
984 10
1309 4
1337 6
1776 10
1882 5
908 3
110 4
597 3
618 9
1512 8
191 9
279 6
1973 7
968 5
1993 5
643 6
1265 8
1319 4
1517 3
748 7
1971 5
907 3
1146 3
1390 4
1466 4
1534 10
370 5
440 6
90 8
412 5
1875 1
1092 3
303 2
1119 8
360 8
787 4
1299 10
81 1
82 2
241 1
1926 8
1383 2
1617 3
949 6
1231 9
1596 2
305 9
1477 7
1610 6
1960 8
632 7
876 1
1683 4
1696 4
7 4
253 10
1736 3
1095 8
1593 8
1827 5
2022 9
635 3
1340 7
1399 3
229 9
681 7
1041 9
1360 3
908 4
306 6
109 8
827 1
1160 5
654 3
1272 10
956 9
4 5
141 4
977 10
1395 4
1798 1
7 4
1112 9
1118 7
406 5
357 7
517 9
557 8
569 2
586 2
726 2
1051 2
1867 6
19 8
127 2
1763 5
740 2
1792 10
835 10
434 3
683 5
822 6
1865 3
1459 8
1125 10
1621 10
1764 10
843 9
997 10
1875 7
1878 5
79 3
167 4
1559 3
251 6
1112 2
1465 6
1679 6
1945 1
70 9
521 8
581 4
857 9
957 7
1473 4
292 1
58 8
14 6
326 6
1193 1
678 8
1084 8
1317 7
253 4
835 5
1416 8
1937 6
464 10
750 5
830 6
980 2
1444 4
1645 4
1730 10
1863 9
881 9
510 8
631 4
928 5
432 4
284 8
1201 6
1569 5
1668 9
1967 5
2004 4
1911 7
167 4
848 9
358 2
388 5
432 10
1259 6
1901 4
1932 10
1570 3
1005 10
482 4
347 7
945 4
963 5
356 2
493 10
435 6
1869 10
1381 5
1028 9
1957 3
1019 2
715 4
722 6
780 9
1093 10
247 9
1727 4
339 8
687 7
717 4
1869 7
1553 3
325 7
957 6
538 7
970 6
1389 8
38 1
1678 3
1839 9
909 10
915 3
1136 2
1470 7
1499 4
278 6
863 8
1846 10
855 6
896 5
2005 4
520 3
1736 1
757 10
1466 7
506 1
610 5
696 4
924 4
1348 9
1775 4
273 1
300 8
865 3
231 6
333 9
1482 8
1865 6
1940 3
1753 5
437 4
869 2
1146 6
1391 6
177 9
264 1
1300 8
1208 3
201 4
874 10
1017 1
1268 7
1837 3
1319 10
1972 2
787 9
421 10
623 10
629 3
106 3
1461 7
1213 7
1294 1
338 5
1271 2
1573 9
823 4
463 8
1095 7
1648 9
1887 10
217 6
901 5
1062 1
1102 10
1111 9
1642 8
211 7
1346 10
1036 7
716 2
1746 7
315 9
1805 7
1446 9
1086 3
633 5
1040 1
1370 9
2002 4
715 7
219 1
1477 10
1962 7
1479 3
1550 2
1520 10
835 10
232 7
877 8
1758 3
2038 4
2002 8
384 1
1677 9
1486 6
1715 7
1178 4
1534 1
607 1
1381 1
913 7
1512 4
1809 8
81 10
1305 6
1285 9
1065 5
1655 9
453 10
1944 8
80 3
780 6
996 2
1217 3
1600 10
1946 2
2016 7
162 1
425 8
627 9
1688 5
788 10
590 9
610 6
611 1
923 1
1477 4
124 10
225 2
1215 3
2021 2
566 9
83 7
451 10
1016 5
1259 5
1542 9
147 6
253 9
377 1
427 3
1003 7
1080 4
1140 6
1381 4
101 10
225 9
1931 1
1903 2
1312 2
1755 8
298 10
611 8
2039 9
25 8
693 1
1731 1
1979 2
1836 9
879 6
1614 7
322 8
619 9
182 9
356 5
910 6
1839 8
1128 1
435 3
274 10
92 7
609 2
988 1
1267 5
1276 1
1664 9
1221 6
395 7
1458 6
1276 6
1026 3
1072 4
1088 7
1912 6
18 10
1488 4
1537 5
1811 4
158 6
1388 8
1631 6
1992 1
89 4
544 4
132 4
1187 4
605 7
855 9
1551 4
28 4
207 9
217 8
1703 9
132 8
390 7
1057 2
1480 9
898 9
958 6
1808 3
452 10
529 10
1150 2
1702 7
1803 4
268 8
298 7
1655 3
1716 10
318 4
1365 7
797 6
509 9
731 6
748 7
845 9
1709 4
2002 2
679 1
941 3
541 5
463 6
1141 4
1979 3
1916 1
908 1
604 3
1057 4
1537 3
274 8
1228 4
1616 4
1546 9
482 7
887 5
1403 2
1987 4
1525 3
1599 3
770 2
891 8
1024 5
201 5
902 6
501 1
650 3
717 8
309 10
143 9
245 4
194 10
100 10
485 6
522 6
1941 1
983 2
983 9
1417 5
133 5
347 5
1818 7
1249 6
2017 4
755 1
510 7
2026 6
2030 7
1838 2
465 2
1131 4
1213 7
1563 1
1663 6
1886 4
1601 4
425 5
1693 2
974 7
1301 9
964 2
762 10
634 1
1629 4
1618 1
993 1
1800 4
1381 2
727 8
1227 5
1760 9
1516 1
338 5
556 5
1124 5
1400 8
1695 8
1731 1
2020 1
1726 4
1201 5
1432 1
1562 1
598 10
296 2
1358 5
1302 4
533 4
30 4
1384 10
1861 2
449 4
632 4
292 10
1527 10
1171 7
872 6
2023 10
779 9
1176 6
959 1
523 9
845 3
1285 10
1484 2
1792 7
983 6
1456 4
1712 6
1095 3
451 7
2020 8
278 7
1940 8
1824 10
1724 1
1529 4
1933 4
368 10
1593 3
57 3
1249 2
749 5
1054 10
1253 8
1401 4
309 8
143 4
1636 9
1961 1
1610 2
840 7
290 1
883 9
1144 5
1344 9
224 3
1986 5
1732 8
590 2
789 7
1126 1
1403 7
1902 3
382 8
614 3
408 5
538 8
997 2
1714 6
1828 4
1755 10
1720 10
1080 9
1551 1
1626 8
1813 6
301 4
384 3
451 2
1770 9
1089 7
765 9
435 7
1447 1
1670 4
1948 8
141 2
985 6
1474 4
1525 6
314 9
581 8
1338 8
1789 6
1765 10
1984 3
1577 7
878 7
1432 7
927 2
1875 10
253 8
725 10
810 6
297 4
1250 8
1802 10
100 5
116 2
1339 1
1727 7
356 10
354 4
1842 9
318 3
1933 4
1137 2
1381 3
80 1
348 3
1926 5
1733 3
906 5
1023 2
1315 8
1428 8
1640 3
389 3
358 6
1778 3
427 7
1149 5
1868 9
86 10
1403 7
1089 7
1478 8
1637 7
366 4
1997 9
484 1
651 10
2033 4
1171 2
766 9
1452 7
867 1
1538 1
2038 6
1993 6
1021 1
1620 8
338 6
1135 9
1615 5
1520 9
1480 10
256 9
1998 1
1116 2
1256 2
917 5
2003 2
213 10
755 6
1064 8
1476 7
1851 3
22 6
239 5
91 9
570 5
697 8
1810 2
1355 6
1422 10
1167 9
31 1
1969 4
1546 9
1012 1
678 7
576 8
1019 3
1138 7
1692 9
63 1
1721 3
2026 3
79 3
261 9
1096 9
1406 9
722 3
30 7
973 5
880 7
1457 7
689 6
729 5
1164 5
1164 5
295 10
415 4
1463 10
470 8
69 6
1234 4
543 7
979 4
1633 4
1998 10
2042 10
126 6
1803 10
1914 10
795 6
427 2
383 10
1481 2
418 7
926 9
1391 3
1545 7
396 10
1009 8
39 8
170 10
762 10
979 1
1484 2
1648 2
381 10
706 5
1256 1
1363 10
461 9
916 4
757 9
1948 8
268 5
1347 5
1664 5
319 1
126 5
22 2
563 3
750 5
1417 10
62 1
1094 4
2011 2
1545 10
2037 2
1671 2
715 5
1322 7
814 1
1128 2
1201 4
238 8
946 10
1396 5
111 7
775 7
1802 1
952 2
1823 6
128 9
453 9
699 9
917 1
1098 3
577 2
1614 4
637 8
653 3
854 1
1153 5
1241 9
1446 3
1772 2
1786 7
1848 4
1929 4
274 9
399 6
1638 2
597 4
370 8
500 9
802 3
1079 5
1689 6
353 10
310 10
1877 9
600 4
177 2
407 2
470 10
476 1
601 1
1465 4
575 1
164 3
1754 4
1827 8
762 2
242 6
310 9
165 6
1822 1
727 9
1235 8
205 8
853 7
312 9
1543 7
245 2
495 3
153 9
1560 6
23 6
652 7
1120 4
1392 9
97 8
449 8
1044 9
1710 1
1090 3
465 10
1077 3
908 10
639 9
260 5
1037 8
762 6
1860 2
162 9
1586 9
1040 10
1059 10
96 6
1871 5
1408 8
801 7
1292 8
1751 1
36 10
134 5
24 8
219 7
1264 1
574 8
132 8
769 3
924 9
856 4
997 6
586 4
654 9
902 1
465 1
921 9
1146 6
1465 10
1814 3
174 4
1593 3
315 2
807 10
1750 9
1992 9
1710 3
1370 8
1130 5
1643 6
72 3
589 3
1403 3
1106 4
1622 3
1935 7
1847 4
155 1
1087 9
52 10
487 9
1163 10
1581 9
249 4
910 5
1318 1
624 7
854 10
1490 1
357 4
921 1
1677 6
401 7
46 8
1499 1
328 2
1195 10
1821 1
607 1
1039 5
1495 1
1532 7
1670 2
437 1
1710 1
769 1
1516 5
1578 2
1877 8
721 2
1750 10
531 7
404 6
754 8
319 1
1161 6
1200 8
1804 7
1885 2
1008 3
480 9
1382 4
136 7
214 6
80 5
1944 8
1539 7
1223 4
1164 4
1187 7
1650 3
579 9
176 6
2021 8
1269 5
941 6
1560 8
1966 8
1506 9
710 10
1521 3
2033 10
1151 4
512 4
673 7
1003 1
1097 8
184 4
358 10
1991 2
1876 7
718 3
938 6
1250 1
2008 7
260 9
1657 3
261 1
874 2
1355 4
90 9
1250 8
629 5
468 3
1109 9
180 9
1921 10
583 8
2 4
1970 3
1989 1
124 8
1920 7
883 8
1764 8
208 4
330 9
241 9
832 4
997 6
1328 8
1431 2
92 5
329 4
1905 3
1365 6
1946 4
1600 1
463 9
987 8
584 7
403 1
1082 1
508 4
197 7
777 8
816 9
1871 10
116 6
1638 4
1411 5
945 6
727 7
940 2
1852 6
865 4
318 3
1688 6
265 8
652 7
1082 6
1505 9
1557 5
45 7
796 3
896 5
987 3
1166 10
1732 5
1881 4
364 1
1347 10
1062 7
1185 5
18 6
85 3
835 3
1548 3
1245 10
905 9
523 10
1437 8
501 4
1728 8
1315 8
638 6
1798 3
1963 5
204 7
398 9
1501 8
1454 3
549 7
725 8
1715 7
1972 8
258 4
354 8
407 7
19 6
1582 9
1140 8
921 9
533 5
1356 3
295 6
126 4
298 8
312 10
492 4
1315 7
850 1
322 6
1951 3
981 5
1525 3
114 2
1352 10
844 8
1511 3
651 3
813 10
1448 2
1805 7
278 4
99 3
1816 5
938 4
1681 6
1700 4
1916 6
44 1
1886 1
860 3
157 1
790 6
829 5
32 9
205 1
1799 10
537 6
1396 9
1519 4
1633 6
1928 5
1981 9
347 9
1685 2
535 3
1410 1
282 2
1222 8
1544 1
614 1
1272 3
210 2
311 1
2044 2
1579 5
551 7
898 5
1377 6
364 3
861 10
265 1
330 2
292 7
856 6
1131 8
1298 4
175 7
1378 9
351 8
673 7
1174 8
66 3
71 4
404 6
1699 2
869 9
2005 7
130 2
263 8
746 8
417 9
920 3
507 10
217 5
778 9
228 3
0 5
718 8
1092 9
1368 5
1409 9
1492 1
768 1
1406 5
646 1
1284 2
1800 8
141 8
1748 5
78 2
1679 7
533 4
1093 1
916 10
1661 1
587 3
101 4
995 2
1773 4
312 6
1880 9
396 10
1357 10
1259 5
277 7
1396 5
1476 1
956 5
1060 5
717 1
1156 1
1527 10
1535 9
1594 5
239 6
485 7
1978 10
1043 6
602 9
1453 4
919 2
1397 4
1494 6
1522 2
1995 6
1523 1
1320 10
663 4
1122 1
1153 8
271 6
527 4
414 4
510 5
1564 4
1032 10
1596 2
123 3
1121 8
1130 10
609 7
1139 1
1887 9
2000 7
66 10
517 3
1941 7
1986 7
894 8
1054 10
119 8
1091 10
627 7
977 6
1992 9
568 3
1137 10
516 6
805 7
1057 7
975 7
361 7
425 8
1190 7
1509 1
125 6
310 1
159 6
1456 1
1979 3
828 8
1111 6
1618 10
1981 7
11 10
1479 1
1762 1
725 10
1849 8
191 7
399 5
562 5
1965 10
265 8
1384 6
1881 1
822 8
989 7
1106 1
1206 8
1888 10
128 5
449 7
1809 4
143 10
393 4
329 5
1068 9
1840 10
1217 2
903 6
1335 9
1634 4
1777 1
1947 4
228 9
254 8
276 3
317 9
852 8
205 3
1594 4
704 5
1997 9
1838 7
556 8
959 4
1195 3
556 8
2007 9
1428 6
1791 3
1030 1
1515 9
865 9
295 10
731 8
904 10
1668 1
1718 6
198 6
509 7
1417 6
1461 10
152 7
579 4
797 5
1375 8
1588 10
1609 4
2033 3
711 8
1386 3
1130 6
848 10
519 7
1572 7
670 9
1016 9
9 6
1249 3
1364 6
1811 3
11 6
290 2
1731 6
1150 6
1490 5
1592 9
40 4
107 2
109 4
1759 4
254 7
1274 8
863 8
1241 5
177 7
1687 8
278 5
959 6
1377 8
547 8
1022 3
412 5
680 1
546 8
1866 4
699 6
347 8
927 3
1421 3
1562 1
754 1
1753 7
701 4
768 5
879 1
1948 4
980 2
79 6
984 1
829 4
1916 7
612 7
1630 10
644 10
1492 9
1203 2
1196 8
2024 1
229 7
699 10
1303 9
1553 10
1683 6
1700 9
1877 3
124 10
196 4
541 5
929 10
1836 1
1404 8
1722 10
4 5
292 10
455 3
133 7
1487 10
2034 2
68 7
304 7
1771 1
146 10
154 1
1624 9
1132 7
1500 5
1558 5
383 9
996 10
166 3
1834 1
1579 5
1654 6
665 3
1212 7
1346 7
1367 10
536 3
1757 10
1158 3
611 9
854 6
347 2
753 3
753 9
1118 9
1340 2
1541 8
1689 5
2045 4
443 5
1130 4
905 1
1091 9
146 3
1509 1
129 5
751 10
233 1
1354 1
1073 5
1625 8
1831 8
2039 10
186 1
863 8
1361 7
1878 2
1796 5
1213 6
474 8
2045 6
466 1
304 5
1788 7
1750 4
739 7
445 8
1258 3
923 3
1031 2
1079 9
1228 7
2000 1
152 6
462 2
1026 8
1508 6
1415 1
1153 2
1634 8
1870 5
1441 4
1298 3
1123 5
1723 10
1897 4
489 9
549 4
1482 10
1560 3
579 4
579 4
1819 10
1937 8
183 5
693 1
1862 2
1481 4
1099 8
1188 7
1813 2
140 2
351 4
428 8
692 4
983 6
1884 10
1907 3
994 3
941 6
699 6
1610 1
789 1
1026 4
496 8
1226 2
763 9
1063 1
1521 3
237 6
500 7
1458 5
957 4
641 10
1903 5
1982 4
1258 8
141 5
840 3
1688 10
37 9
76 1
347 2
475 4
1759 10
820 4
1617 3
1872 1
528 3
707 7
149 6
1198 3
1308 7
1372 2
1402 6
1461 9
1500 9
1533 3
188 2
1195 10
938 9
1777 5
776 4
1883 3
245 8
479 3
172 10
810 9
1184 7
1384 5
1673 4
424 2
1583 5
308 10
1084 9
382 9
656 9
936 9
871 8
1093 6
832 6
1112 3
1203 5
1374 7
1699 10
1727 1
2039 9
825 4
1715 10
1726 4
978 6
832 8
1022 9
1918 6
1797 4
1527 2
1092 8
1865 6
1480 7
1462 4
1899 3
13 9
1025 2
1335 2
756 4
756 6
463 4
335 3
189 2
1323 3
1906 1
1655 6
414 10
83 1
827 6
275 8
1435 2
823 5
1673 8
133 5
1271 6
121 1
1128 5
222 9
210 4
169 8
1803 8
464 4
999 9
1589 2
283 9
331 6
465 1
634 9
224 6
531 9
1939 3
1572 3
889 4
1551 9
86 2
1340 2
1599 5
740 1
1674 10
1700 8
1873 3
1073 3
400 3
1405 3
219 5
393 7
1318 5
951 8
1676 6
254 2
2015 7
238 1
1442 8
958 9
1006 10
1391 2
1616 8
379 1
483 1
1516 4
100 8
612 6
699 5
1641 4
1232 3
1251 1
680 4
534 7
1538 3
389 2
620 1
1205 2
1542 8
364 5
382 6
716 5
1228 2
1341 9
1777 2
114 7
386 8
569 9
274 6
1542 3
382 1
1614 2
1701 4
560 7
607 6
1458 6
1802 7
803 8
1001 1
1659 2
1390 3
1682 1
1335 1
1016 3
1429 9
425 3
826 7
518 1
1183 10
1264 1
1427 4
1684 8
173 7
723 1
1359 1
1816 7
1554 8
189 9
1769 9
835 1
1216 8
1598 5
1474 1
866 4
1975 10
1737 8
1972 2
289 9
335 9
728 4
625 8
1056 10
42 10
388 9
1257 1
745 6
1201 10
1748 4
188 7
1148 8
609 1
1160 3
1256 1
1302 3
185 6
223 4
1962 5
240 1
726 5
855 2
1167 2
1172 8
1887 2
1770 8
655 10
1950 5
1152 3
1075 5
1504 9
120 5
1895 9
368 10
1899 8
787 8
953 7
1356 7
481 7
1884 2
1511 1
1227 4
1572 4
1718 8
1941 7
78 9
128 1
134 5
1444 10
618 8
134 3
1590 10
1836 1
1967 2
112 3
1625 1
287 5
697 8
1869 1
382 9
536 7
1356 8
794 1
796 9
1538 2
1885 8
1395 9
1929 3
1262 1
1831 5
1906 1
495 5
1075 3
776 9
368 3
1411 7
1718 8
1412 4
1599 5
1693 4
354 4
1204 1
1878 6
1237 7
1572 3
341 7
1116 7
415 4
857 10
940 7
1431 4
1610 9
1818 10
134 5
171 10
134 8
373 5
1590 10
1729 4
1033 2
410 1
601 9
292 7
25 8
232 3
343 3
1213 10
674 4
199 8
967 7
1891 4
1985 5
964 4
1550 9
1318 3
1608 4
1880 9
1931 10
462 8
1011 1
1681 2
2022 10
953 8
508 6
1994 10
471 9
1600 5
142 9
1505 7
1889 1
1093 4
1687 4
1249 5
1766 7
584 10
1687 7
1301 7
303 9
166 1
329 6
1402 4
657 10
1522 6
1870 5
316 3
169 1
336 6
1883 4
1568 2
1317 5
560 10
1293 1
1331 5
1762 7
324 7
1864 7
1755 10
1278 6
685 3
884 8
112 8
1962 7
525 1
1040 4
965 3
1359 7
74 7
1020 9
1111 10
1386 1
1638 3
1424 5
1035 4
1868 4
1487 3
206 3
1933 4
141 3
959 9
63 6
1771 8
403 3
1054 2
1983 1
437 10
513 3
172 6
227 8
1857 9
469 7
504 7
1446 10
261 9
462 3
5 6
962 9
1811 10
973 4
1404 10
345 3
2030 9
1638 3
47 6
475 9
766 4
846 5
1135 7
622 10
1676 7
1196 3
709 9
1773 4
1059 1
1076 4
1584 7
1819 8
242 7
272 6
155 2
1648 8
590 9
1245 4
1843 8
1993 5
219 1
950 8
1716 6
676 7
642 10
1447 3
2038 3
1352 1
1733 7
1055 10
1048 10
2014 5
1404 4
1467 6
1751 6
1824 8
239 8
1349 1
1220 5
1445 9
1001 5
297 1
978 8
1131 6
1996 9
195 2
1228 3
1914 5
163 6
1860 6
666 5
532 4
1434 3
31 6
1103 1
1774 2
892 8
976 9
1031 2
1620 10
567 3
1414 9
1411 9
1502 4
663 5
80 10
1959 5
1810 2
212 8
118 7
156 4
1656 9
296 7
1558 2
955 1
2033 7
326 5
703 1
2008 3
1606 9
1920 5
551 9
1901 10
1622 10
751 2
1086 8
1471 1
1515 10
1610 5
1632 9
113 2
1178 3
1288 6
1511 8
331 1
934 10
1289 6
1380 4
1576 8
234 2
1286 6
777 4
1580 3
492 7
1759 7
521 7
703 5
1719 9
635 4
1831 10
939 6
767 4
903 4
1283 7
259 1
1616 4
852 4
914 9
1880 8
42 4
657 7
833 1
1055 7
32 7
1742 4
1267 8
1290 10
1294 5
271 1
219 1
1189 1
108 9
969 1
198 7
202 8
445 7
1973 2
907 10
717 3
352 8
399 1
1333 5
256 10
286 3
1481 1
1653 1
198 8
556 1
608 4
2043 2
1590 9
1964 1
1980 3
55 8
1742 5
1485 7
343 7
1123 6
176 4
990 8
1120 3
893 8
1348 5
1565 1
147 1
124 4
348 5
1013 10
1204 5
1385 8
1573 2
177 6
254 2
74 9
804 7
44 3
1712 10
1645 7
1649 4
645 3
1198 8
1949 10
1191 8
721 2
360 7
121 9
2028 10
1881 5
1563 4
858 8
1414 4
305 6
52 3
1008 6
2024 10
1202 8
1884 4
1803 9
448 6
767 1
1394 4
1487 6
1682 2
69 8
139 3
98 3
273 1
1601 7
863 7
1235 9
1336 6
1496 2
1904 3
41 6
967 9
56 7
874 7
1077 3
1279 9
1664 3
1956 9
581 4
1645 6
1426 8
1832 2
1271 9
1845 10
270 9
580 1
1843 9
386 1
1933 8
332 10
148 4
1837 7
1955 8
87 4
1143 3
1840 6
1027 10
159 9
364 4
1285 3
811 3
1921 7
1641 1
443 8
626 8
1216 3
254 10
1011 5
769 5
1318 2
314 5
1464 6
1482 5
1680 7
557 6
582 6
561 10
461 9
837 8
607 5
702 1
1230 1
1691 8
1485 7
1763 8
218 7
253 5
76 8
1345 8
558 4
999 2
88 3
199 4
699 1
103 8
1420 2
96 8
1277 2
1983 7
2021 10
2037 8
243 5
669 1
673 5
1846 7
1483 1
815 1
1585 4
545 5
1291 1
739 4
1155 4
1423 10
1497 10
1781 9
1817 8
1858 2
985 8
870 5
1026 1
1904 6
250 5
453 5
1224 4
1359 8
267 8
587 7
1409 7
161 7
1542 2
1860 7
218 6
1853 4
169 4
1463 6
1747 2
655 9
891 1
740 5
1124 9
1204 1
760 7
790 3
1866 7
963 4
491 10
713 3
919 4
1792 8
2038 2
550 8
1528 3
1487 10
1728 9
1786 9
1023 3
1112 7
1986 3
2027 10
1970 1
2011 6
1197 10
1658 1
1861 1
710 3
1858 2
2020 6
875 2
248 9
305 6
1979 4
876 7
1288 2
1356 7
1707 3
1975 8
57 9
374 7
458 5
24 10
312 10
797 1
359 4
730 4
852 3
3 1
29 10
271 5
372 2
610 5
938 7
908 2
1350 4
32 6
678 3
360 4
530 1
403 8
1646 8
1133 1
1545 2
1721 2
493 3
1897 7
524 8
1581 5
1138 8
1552 1
62 1
942 7
769 5
941 1
1069 2
227 2
990 10
1543 2
2032 3
39 1
175 3
485 2
1978 2
153 9
686 2
1407 1
737 5
1040 4
1055 7
1177 5
1311 3
1928 8
250 1
447 3
1876 10
359 6
1037 6
49 9
615 1
845 3
140 9
1298 10
76 1
1267 10
304 6
1908 5
769 1
1665 6
1966 2
1093 3
1697 2
509 8
1878 2
430 10
540 10
728 9
1687 2
347 2
972 2
621 5
1048 4
1123 10
1494 1
1654 2
1727 6
1914 6
203 2
467 9
411 8
2029 1
503 7
1990 8
618 4
280 7
1087 5
180 8
725 9
448 5
1227 4
801 6
2023 10
248 4
715 4
904 3
1436 1
548 8
398 6
1611 7
15 10
135 10
1511 7
875 3
799 1
99 7
1891 2
1639 2
921 6
26 5
1705 7
294 7
1857 2
1874 7
1465 9
1279 3
1258 2
1078 4
79 9
808 10
792 2
1301 3
1474 4
2001 9
721 5
1712 6
1264 8
38 10
822 10
1454 3
1996 1
1647 2
1557 10
1556 8
576 7
704 4
1389 8
332 9
1430 10
1210 8
1320 8
95 5
168 10
192 10
348 2
709 5
603 1
1069 10
1809 9
1862 4
1053 2
948 5
774 10
925 10
1089 6
299 1
1584 7
1629 9
1959 3
786 9
1692 1
1459 5
982 9
1047 7
1874 2
72 1
1114 10
1170 6
1658 6
1533 6
619 6
1273 3
848 5
276 3
1535 6
916 9
1058 1
2041 1
523 8
1255 1
1252 7
817 4
1148 7
1558 6
1945 9
812 10
1938 4
2026 2
337 7
1428 3
1388 5
398 7
1226 3
131 2
138 1
421 5
1257 6
757 6
1278 3
1202 5
129 4
455 5
353 5
1300 4
1452 3
2044 1
68 2
572 10
670 2
921 4
1327 2
13 2
213 7
921 5
1068 8
1616 9
1903 4
1949 8
569 3
221 9
1842 2
65 4
569 9
109 10
558 1
1519 7
1799 10
1343 4
485 8
442 6
406 1
95 10
1298 5
1837 7
1055 4
1968 10
1339 1
596 4
596 6
771 3
1232 9
1269 1
111 1
179 4
225 7
364 10
454 9
749 6
254 10
964 7
1318 10
1469 6
951 6
1951 1
1807 4
1962 8
1498 6
77 10
1429 3
238 9
989 1
146 8
709 7
1102 9
1991 5
1038 7
1091 3
1232 2
76 4
199 8
216 10
1042 6
238 10
410 10
472 6
452 10
1646 10
466 2
1886 6
1094 2
1358 9
583 9
1955 2
1842 7
904 6
1227 8
1231 9
1961 3
961 8
1084 1
1785 7
150 7
427 9
1383 9
1240 10
1367 6
873 9
1489 8
438 9
654 4
235 9
1603 1
1630 7
1390 10
674 4
689 1
1320 8
525 1
1014 7
1828 8
558 5
1804 10
280 8
475 3
484 1
698 5
724 1
1201 4
920 1
92 6
719 5
1656 3
1981 10
54 3
402 2
6 6
856 1
1015 6
756 3
1802 4
1579 5
1384 10
1744 10
1019 1
1060 1
296 1
1871 8
1538 8
1817 4
95 8
1246 3
1069 2
794 5
741 10
1915 8
16 4
1876 7
1738 8
1424 4
69 7
460 7
1073 4
126 4
304 2
1038 8
1192 7
1317 5
629 9
1927 9
588 4
1535 5
1688 5
502 8
672 4
1148 3
135 10
1294 9
956 10
524 9
164 7
1821 10
899 7
1799 8
1365 1
1870 9
416 9
359 9
381 6
1531 3
2003 8
23 2
1530 4
1977 6
1846 10
157 7
857 2
1326 2
1458 5
1324 8
1019 10
1441 9
324 7
77 5
86 4
792 4
1908 1
824 6
900 8
1677 5
1886 3
933 3
1938 9
1298 9
1408 1
1745 9
899 1
1219 4
1403 7
742 9
1556 9
1045 2
983 3
282 6
368 9
1783 8
339 4
623 8
382 10
1862 10
1724 8
1698 1
97 7
100 7
1334 3
582 1
424 7
1155 4
1878 3
515 6
1749 9
709 3
1901 5
2025 5
1665 8
1384 6
1132 4
736 2
783 4
1779 1
1086 10
1898 1
2023 9
1293 10
1034 8
1682 4
1561 6
1710 2
627 1
1999 6
773 5
450 6
1422 10
1232 10
230 4
953 9
1425 5
2035 1
505 3
627 9
928 1
1906 7
1150 2
915 9
1007 6
1252 7
398 6
715 1
549 5
1490 10
12 6
1201 4
1303 8
1399 9
860 7
1574 4
1956 9
316 10
733 1
16 8
1622 6
2039 5
1374 8
1743 4
147 6
135 6
929 1
1208 8
1366 7
910 3
939 3
977 7
1574 2
1611 7
473 7
1594 3
1665 9
729 6
990 7
1043 7
1603 10
1725 8
68 9
202 5
1285 1
463 3
161 8
882 8
1398 7
1521 5
1590 5
1471 8
612 8
1809 10
44 8
1063 5
1273 8
1492 2
684 7
1346 1
1729 9
1820 1
1077 2
1521 8
1570 2
1814 8
88 2
537 7
1654 5
2010 10
213 6
285 1
983 5
2020 3
118 10
1516 10
477 10
1389 1
2016 4
131 8
231 8
736 10
1118 10
1622 7
1436 4
194 10
1222 4
1955 8
285 8
213 2
1967 5
1081 6
1115 7
589 9
1962 2
1661 7
430 6
1053 3
1883 3
133 3
696 3
185 9
747 10
1891 2
1020 9
893 9
1768 1
1685 8
513 10
1027 5
1209 1
1717 4
296 10
942 4
1422 3
458 1
1867 3
703 1
1476 2
1090 10
2044 5
502 9
1160 9
1599 5
26 4
246 10
1369 3
1687 5
1754 10
746 4
1494 10
930 8
828 2
1226 4
1531 7
1982 7
1906 8
1149 4
1858 6
1188 3
918 2
1366 4
1625 6
1415 8
1529 6
1157 9
586 4
1339 5
1432 9
1387 6
851 6
8 2
1439 8
842 6
1867 3
237 10
333 3
542 8
737 10
348 6
1060 6
1719 10
1835 4
239 3
370 4
598 5
67 6
1287 6
1523 5
783 6
1671 2
911 8
1211 9
1413 7
592 4
1918 7
1907 10
1720 4
1210 5
961 1
1740 6
114 6
614 7
1951 2
1087 10
1586 8
214 6
870 9
344 1
598 6
1070 6
1554 1
1509 1
539 8
817 2
1713 1
559 4
1212 8
515 5
869 10
935 6
45 8
908 10
353 6
1214 6
1357 3
247 2
2005 5
1895 10
89 1
1580 2
1479 2
498 4
591 6
593 8
880 6
259 4
1824 5
1767 3
963 4
1646 8
1647 3
676 1
1552 8
1502 9
1445 4
157 8
861 1
1556 8
991 4
1948 4
348 10
353 5
376 10
507 3
616 1
963 7
1065 6
1097 2
1427 9
180 8
163 9
851 10
1934 9
2006 6
699 8
946 2
1040 10
88 6
907 6
1029 6
2010 4
308 9
1729 5
1886 5
1258 6
1419 6
423 7
585 3
1819 6
1801 5
879 6
969 3
991 4
980 9
2010 10
859 3
880 4
928 5
821 6
1014 8
1425 9
1116 7
1685 8
1835 6
44 7
1359 7
326 3
349 9
1134 1
1357 8
513 8
1483 1
1292 8
1288 6
1971 6
723 3
417 3
398 9
139 5
1222 8
174 3
1343 9
1268 3
654 5
967 1
1376 5
1930 6
1017 5
1751 5
939 1
1905 4
142 8
356 9
551 10
745 5
910 5
1289 1
1486 2
201 1
1090 7
1702 1
1986 9
309 8
512 1
1788 4
1386 6
211 3
1027 7
1181 1
1310 5
1404 4
200 1
836 10
854 6
820 6
1437 10
920 8
1100 2
1353 5
1354 4
218 3
292 9
545 8
675 4
216 4
1318 1
715 3
1164 7
1924 2
209 4
468 7
894 1
1762 2
1774 4
1355 2
880 1
1468 3
1830 6
1997 4
569 6
851 6
1133 10
481 10
462 1
979 6
997 10
1598 7
1060 10
621 2
393 9
363 6
1635 3
53 9
276 5
475 4
1925 1
770 1
520 6
1775 6
1008 8
59 9
351 9
781 2
632 10
2035 8
1078 4
1192 6
300 5
2014 6
1245 3
1524 1
687 8
1563 5
1663 7
1801 1
1939 4
841 3
207 5
1040 1
204 2
906 6
927 8
1083 10
515 3
1404 2
798 7
61 9
1113 3
1005 8
1346 7
520 10
834 1
1377 4
1723 9
1161 5
270 3
920 5
1041 7
2035 4
989 4
1685 10
1854 10
175 7
363 8
573 8
690 7
554 8
954 4
1576 5
1598 9
301 2
993 1
1544 5
1244 8
885 2
955 5
1139 4
1263 9
1407 10
306 8
365 3
504 4
548 9
1756 9
1396 7
1367 2
24 1
617 4
40 9
1427 5
227 7
1291 4
21 10
1989 8
438 1
1964 6
2020 5
1855 6
1969 9
332 10
876 1
189 5
366 2
522 9
1797 9
829 10
57 3
275 8
705 5
1185 3
826 9
591 8
1698 8
45 5
30 1
937 4
1840 8
1 9
416 6
176 10
1231 8
1840 10
1919 3
882 6
1075 5
1352 1
1578 6
289 10
241 8
765 9
979 2
691 7
494 2
1354 5
367 10
1599 3
237 1
713 2
23 2
732 3
1323 4
714 7
868 1
341 1
1362 5
1349 6
376 8
1752 8
1015 3
324 9
1772 7
897 2
1334 3
429 7
1534 5
184 1
387 6
840 6
558 1
1537 7
1795 10
1510 3
1573 7
1832 1
448 7
832 6
841 4
853 1
1576 3
1053 10
1237 8
1610 6
1818 4
354 9
1003 1
1458 6
1389 2
2009 7
921 2
1482 4
1619 6
1688 5
183 1
1853 10
802 8
872 6
929 4
974 2
1375 1
423 9
497 8
289 8
1099 3
1989 10
2032 10
645 8
1567 4
1091 6
1830 10
864 2
1909 1
1670 10
1075 2
1198 2
1584 2
2001 4
1236 3
1521 10
1696 5
1516 10
12 8
401 5
293 4
1609 3
1922 4
1795 4
970 6
954 3
1341 9
1784 5
1883 7
602 4
1030 10
1732 5
1026 1
1348 8
1695 8
324 6
1672 6
70 7
983 4
1902 1
709 1
402 8
1739 5
1498 8
1965 3
1355 7
1339 7
664 8
1687 10
682 8
1478 2
1850 2
812 9
984 1
1177 10
1307 5
853 1
535 8
1268 2
1275 8
1368 5
1762 8
1463 10
1184 7
947 2
1104 2
1525 5
505 5
1625 8
1551 8
363 5
969 10
1791 2
1478 9
877 2
1278 3
1468 7
1491 5
395 9
1882 8
325 9
1213 8
519 5
1636 6
117 1
246 1
785 1
778 7
941 9
1476 10
81 6
783 8
1754 5
1716 5
1005 10
1960 1
56 6
371 5
119 8
1673 8
161 9
403 6
476 1
1375 8
1746 6
966 9
1360 7
939 9
1366 7
544 6
674 4
1306 10
1668 2
2007 4
313 10
1229 5
548 10
763 6
730 3
981 4
1614 7
1652 6
507 9
1342 7
570 1
1344 3
939 6
1743 5
1970 2
434 5
859 6
1125 9
1998 2
217 9
678 10
838 6
1274 1
1649 5
337 3
1323 10
1792 9
252 8
335 3
344 4
400 1
471 10
830 10
1279 1
716 2
1856 4
1208 1
1312 7
1485 8
1772 9
1963 10
1710 9
1360 5
362 10
915 3
1101 5
1628 7
1771 3
161 9
321 2
388 6
481 5
848 5
1172 2
800 3
1299 1
1276 6
1920 4
85 2
824 8
1375 10
93 5
2023 6
1811 7
1786 1
1190 9
1221 6
1292 6
1311 2
130 3
1234 2
379 7
955 2
72 6
1801 3
675 9
1540 5
1958 5
362 3
909 3
796 9
1189 9
1193 3
31 5
453 4
527 10
2013 4
745 9
1703 1
34 9
99 3
441 5
323 5
461 1
1526 6
1644 5
220 4
818 2
293 1
531 2
125 2
710 4
523 3
769 1
851 8
862 5
1832 4
1769 2
1007 8
1385 4
1462 10
1466 3
175 2
476 9
482 1
510 9
751 4
752 5
881 2
1818 5
733 6
1974 5
1672 4
1651 2
1807 8
1277 2
1650 10
576 3
266 10
1864 8
1836 9
382 1
1781 2
475 9
973 10
1907 2
1725 7
364 4
290 9
327 8
741 10
1346 6
1501 4
451 9
197 3
1116 4
1436 5
1121 4
1355 1
1985 7
105 10
430 2
557 3
859 8
1119 4
208 7
287 10
354 5
796 1
1117 6
1372 10
841 5
1526 4
1776 2
1794 3
67 4
132 1
562 10
800 1
882 4
2025 8
1421 5
2028 6
36 6
817 8
1909 4
962 6
1130 9
1431 1
101 6
1628 4
1158 6
1913 3
1719 2
2001 1
1735 7
163 10
1126 10
1418 7
1763 4
784 3
1915 10
289 7
965 5
1236 10
317 8
671 10
1086 9
1105 5
1476 10
980 3
829 6
1455 4
1743 7
1910 4
1920 6
1649 10
590 9
1897 5
1571 10
1786 2
1864 10
2002 6
871 4
1810 5
1113 10
588 9
716 7
514 4
493 6
1849 1
1667 9
960 4
1544 6
1843 2
674 6
903 9
905 6
847 1
800 3
1532 8
1165 4
1925 2
2000 7
153 7
503 2
632 7
192 7
399 3
582 6
899 9
719 1
490 6
1343 1
1971 8
719 7
814 4
149 2
133 9
1747 8
1138 2
226 10
1186 5
1154 9
1782 7
1818 7
1763 1
1459 1
1510 3
1998 8
503 6
357 4
1582 7
329 5
254 8
837 2
459 10
1708 10
1131 10
1501 9
895 2
1189 8
1396 2
1478 1
1847 4
741 5
130 3
80 2
1166 8
287 9
1649 3
1813 7
340 6
1900 1
1450 8
111 5
1628 10
1794 3
657 8
196 5
1399 10
1546 9
605 8
757 6
1553 9
1852 5
460 2
1348 9
1100 3
957 9
1658 6
638 8
795 9
623 7
1190 5
325 9
863 4
169 5
888 3
1795 1
1841 2
668 1
913 2
864 5
1914 5
1457 6
1893 7
291 2
530 5
1750 8
777 10
345 9
1057 3
1117 5
1422 4
111 6
361 6
584 4
351 7
952 9
1713 6
606 9
395 6
1963 3
1534 2
417 1
650 9
546 4
555 6
1185 7
1462 9
1528 3
121 8
220 5
938 4
1767 9
1446 9
764 8
118 1
825 1
1449 1
1944 9
55 4
653 9
930 6
1881 7
21 4
1085 1
1656 3
1258 1
710 4
835 7
357 5
1946 9
204 7
832 4
1102 2
636 4
757 7
1297 6
409 2
1473 6
1411 3
227 10
646 3
1758 7
1652 2
933 5
1388 7
902 9
157 2
195 6
691 9
635 7
846 1
336 5
1759 9
1055 1
1108 5
48 6
194 6
896 10
677 1
1221 5
840 3
1062 4
1411 3
1577 6
118 4
888 6
1370 10
1713 2
361 6
1672 8
1829 1
1662 7
1638 5
726 2
58 4
1587 10
1080 5
1008 8
1850 8
448 5
924 10
1841 6
1510 3
1617 8
653 4
1515 1
409 7
1484 2
882 2
174 10
1940 2
537 7
281 3
664 9
116 6
536 6
800 7
346 10
27 2
1528 8
593 6
1127 7
1878 1
661 8
1237 7
1212 8
1857 7
1988 10
32 8
854 6
873 2
452 1
449 4
1707 5
1866 10
259 10
559 2
841 9
935 3
1082 5
353 2
1780 9
1376 6
1607 5
1999 3
2 9
904 4
1574 6
512 5
1046 10
2007 2
743 9
1622 8
1277 5
28 9
405 2
405 9
418 6
806 5
786 3
581 6
890 4
1507 1
559 1
893 1
334 10
1513 3
1783 8
1841 7
6 7
428 6
705 8
1855 6
1794 6
230 5
1466 4
1083 6
1556 3
1811 1
1891 10
500 8
1515 5
1385 10
505 3
329 10
1412 5
1702 2
1873 3
1300 1
389 1
1588 6
2036 7
62 3
542 7
759 1
1950 8
1809 8
862 4
1200 9
1183 1
1639 7
1768 8
682 8
720 10
801 7
840 4
834 4
1180 10
1763 10
314 9
210 5
1944 6
1523 2
1822 6
864 1
410 1
1970 4
69 5
1037 8
1200 6
1235 10
1406 2
1740 8
1992 8
582 3
1119 10
1462 9
1207 8
63 4
528 2
1921 2
1014 5
97 10
1132 2
1282 7
1539 3
566 10
1848 8
1014 5
381 2
1424 9
475 6
498 6
854 10
349 10
1193 3
425 2
1201 4
1864 7
1359 1
147 5
1328 9
271 5
701 2
1711 1
600 9
13 5
1026 1
1218 3
1844 2
1449 6
301 5
1648 1
2012 7
85 9
156 3
661 5
612 1
1328 2
308 1
1090 6
23 7
289 8
1102 1
1302 6
1509 10
1038 2
1145 1
1684 6
255 8
384 7
881 1
492 1
68 1
1255 6
1333 6
1502 4
1917 3
1101 8
1728 7
207 8
1181 6
1299 1
357 10
900 10
860 8
1650 9
1696 3
2038 8
1027 8
1406 6
606 10
1852 4
1956 1
13 6
137 2
173 1
796 6
920 8
1509 5
487 3
688 6
972 8
1015 6
1271 10
273 5
856 8
1981 9
199 8
452 8
1705 7
218 10
1044 4
1799 3
141 1
1999 6
1231 1
2031 7
637 1
698 5
2020 1
1031 4
445 1
1986 7
1395 1
1738 8
1347 4
683 10
1647 6
1287 5
17 3
768 7
842 8
995 5
996 5
1242 6
1282 10
1154 10
877 3
1008 6
770 6
1053 5
332 8
1067 5
1305 7
1668 6
1742 2
1795 5
1950 10
58 6
75 8
551 9
613 3
1528 4
383 5
2028 9
847 5
1076 6
1496 4
367 1
47 6
1035 3
1104 2
1186 5
1339 6
359 2
782 10
1283 10
1682 3
771 1
445 3
647 9
812 9
1874 4
1230 1
1490 6
1113 6
273 6
325 10
439 1
1748 1
556 3
593 9
1938 1
1744 9
1597 5
1710 8
711 3
1217 6
434 2
2045 3
5 2
118 5
2 2
1905 5
252 3
402 5
1863 7
596 2
2005 4
1632 2
1632 7
391 3
577 8
889 1
51 3
705 1
999 1
582 4
695 10
1006 8
1577 3
850 7
813 5
1885 8
235 9
359 9
1247 1
1415 10
1378 4
10 3
838 6
1339 3
1844 10
1263 6
548 1
889 10
112 3
1957 7
1237 3
1386 4
1390 5
1011 4
664 2
1927 6
576 2
1744 3
113 3
533 10
1578 5
1744 10
1730 3
1906 1
155 3
86 10
633 2
793 8
1371 4
1655 4
1103 9
1379 6
1729 9
1813 2
649 4
1018 3
2007 7
1276 7
1191 8
265 5
372 7
1915 3
1737 7
100 6
1084 3
1598 4
1996 5
222 4
471 8
722 6
1848 9
993 8
1803 6
125 4
21 8
1002 2
775 8
760 7
1558 3
483 5
1775 8
1274 6
1742 5
2009 4
48 3
646 4
837 10
859 1
144 4
721 4
472 10
373 1
1994 3
67 2
862 7
1186 3
37 4
343 9
1343 8
1438 4
1706 2
1139 9
1376 5
2006 5
761 6
1942 5
531 6
801 7
1953 4
1579 9
1796 2
1799 5
470 9
1009 4
1492 2
89 10
193 7
786 2
1500 1
2024 7
1979 2
1338 3
1485 5
1839 2
274 10
981 10
161 1
1792 3
1980 9
743 7
1736 5
1928 6
1156 1
1185 8
1199 8
1845 9
726 4
658 10
1939 9
1855 9
1468 10
1198 7
1518 3
1613 1
1904 3
263 2
64 5
202 10
1069 3
1629 8
1904 7
1665 8
1428 1
347 2
1263 9
1684 1
1797 1
2002 4
1337 9
1760 3
1325 2
741 2
810 3
880 10
1015 5
1074 3
223 8
2047 5
1636 4
535 10
421 10
650 2
658 10
676 7
968 1
755 4
721 7
1725 5
1258 3
162 10
1784 3
50 2
618 10
1118 5
1863 10
1926 7
2043 8
395 2
537 7
956 3
400 4
745 1
1554 8
1364 3
1833 6
287 5
1376 1
655 1
472 10
1335 10
530 5
855 10
771 1
822 6
29 7
1650 1
1473 2
1595 10
1632 9
12 9
40 7
220 3
244 2
969 4
506 7
371 1
1229 6
1456 3
583 1
803 5
1504 6
1097 4
1313 2
1734 6
442 8
266 9
1614 6
1917 10
1388 5
1451 6
1539 2
835 6
1312 8
380 5
1457 10
89 1
1254 10
22 4
23 10
1351 4
23 9
67 10
1015 5
1146 9
1923 9
544 9
2015 9
2027 2
1506 1
752 8
63 3
720 2
740 10
773 2
1050 3
1275 6
1441 10
1755 5
1850 3
1228 4
1826 2
1964 6
2015 3
12 5
328 2
827 6
1880 1
20 3
82 6
323 4
1142 8
1208 3
1911 9
91 8
1364 1
1256 8
1899 5
1626 7
391 4
13 9
1886 1
1782 5
70 9
604 3
775 4
572 5
215 4
1536 7
1053 3
166 1
2032 3
114 9
1391 6
1602 4
629 3
1469 4
885 2
872 5
622 5
1488 4
1698 5
1715 1
1017 6
655 4
2047 8
1400 6
691 3
470 3
804 2
3 9
735 4
1488 6
857 4
1410 4
301 5
463 5
576 9
1674 1
1229 3
972 5
426 9
1749 1
1082 9
384 4
1327 9
53 7
1233 6
809 6
1309 7
76 4
298 2
501 1
980 5
1080 9
504 6
1653 2
1798 2
2031 4
986 6
29 8
179 2
859 10
1162 3
1315 2
65 1
590 9
764 1
1036 3
1664 3
1310 4
352 8
1793 2
218 6
309 6
962 1
1769 3
1565 1
1377 4
298 6
373 3
792 10
670 8
1178 2
1166 8
934 9
1790 2
480 9
728 5
826 10
1119 6
2044 1
207 1
286 2
1102 1
391 7
1117 2
18 2
427 7
741 6
436 7
182 8
470 3
1680 9
815 10
1001 6
849 7
1671 8
1765 9
1837 3
184 2
536 10
570 9
884 6
199 1
760 3
1161 6
243 3
339 3
594 8
524 9
1597 7
527 1
591 6
640 4
359 10
724 3
1856 3
1924 5
456 4
762 2
1275 4
137 8
50 2
293 6
418 3
1499 6
1107 3
370 7
342 8
1784 4
16 9
447 9
1279 7
1801 4
1384 6
1544 4
1950 2
1204 5
1063 4
492 8
835 2
1258 7
1395 1
462 3
249 4
1261 10
1354 7
883 3
580 8
1121 3
952 3
851 2
1485 4
1440 2
135 5
150 10
1004 8
224 6
909 5
760 9
1002 1
1088 1
1320 2
963 2
371 10
1246 7
214 3
664 1
1034 9
1271 4
1869 8
1301 4
2030 7
895 2
1018 2
1238 5
934 5
120 1
316 4
1342 5
479 4
1879 4
542 1
149 1
287 7
1095 3
1201 6
1 10
1246 2
323 7
1828 9
1323 4
218 7
968 5
1182 8
1743 10
495 9
1274 1
1782 3
1682 10
1595 2
1864 6
1957 3
1556 2
1261 7
647 10
539 6
371 9
1724 1
1261 4
1898 2
1927 9
347 9
711 7
350 2
591 3
1508 7
210 7
860 3
937 10
1020 6
1930 6
1853 2
1440 2
744 10
1433 5
24 3
1510 10
1429 3
1613 3
1842 9
1497 4
1663 1
809 7
157 3
216 3
441 2
632 7
926 4
842 7
84 6
1570 2
2003 1
928 6
956 5
1970 8
1088 2
1221 3
1560 4
20 4
347 7
808 10
1056 5
140 2
272 7
569 9
1526 2
339 8
927 4
994 10
1087 6
1873 5
1560 5
1342 1
1747 1
1993 1
303 2
682 3
469 4
1474 2
1762 8
534 8
1099 3
926 4
1237 8
31 10
1732 8
1608 2
1530 1
532 1
1601 4
1517 2
109 2
726 10
578 5
681 6
1466 6
33 9
65 9
709 9
275 1
412 5
303 2
1229 9
1555 9
1557 6
1746 7
1909 2
131 2
349 10
906 9
1416 7
1775 10
1485 8
424 1
122 5
932 10
1229 1
1630 10
318 2
978 7
1673 6
1540 7
1545 1
389 1
599 5
458 2
1997 10
1614 8
1923 5
1483 3
300 5
1166 8
1478 10
1781 3
184 6
478 5
534 10
570 4
930 9
1819 10
2034 8
550 6
1789 2
520 8
946 10
407 4
661 6
1197 1
1635 10
1926 10
251 5
322 7
565 7
995 2
791 4
1244 7
124 1
1291 5
854 10
1644 1
717 1
1609 1
1237 8
1311 2
1948 8
2041 8
281 9
843 1
293 1
1453 5
2038 3
1340 9
1970 4
440 9
215 8
654 7
1863 4
1751 9
2012 10
102 7
1893 5
362 2
1383 9
1543 5
537 10
433 2
1167 7
1764 9
1231 3
719 8
103 8
942 2
445 7
1708 6
1187 1
1538 6
102 6
183 1
1042 9
534 1
1565 4
864 4
1808 7
1973 9
510 8
384 6
1780 9
1595 1
1770 1
1978 1
188 2
399 4
1765 1
1252 4
1179 1
1503 9
1262 5
267 5
1070 8
1232 4
1235 6
1905 1
219 4
695 3
1794 1
1946 10
1585 9
245 9
423 5
141 9
1626 9
1721 1
1881 4
60 8
334 5
1228 8
1002 1
1426 2
1067 9
476 6
366 6
337 3
1515 7
1981 2
1346 8
1563 9
269 4
620 8
777 3
746 7
1925 3
1499 4
1506 10
1382 4
818 4
1623 5
435 5
1472 9
295 1
796 2
396 2
553 6
121 2
1304 9
492 4
1418 8
299 3
1179 6
1822 3
9 10
622 3
1230 1
1803 4
1623 1
294 5
577 2
1310 10
1752 3
462 5
532 8
1429 10
943 9
1748 2
1014 10
220 8
259 3
1217 8
704 4
1633 10
789 4
1520 3
1872 1
1984 1
251 8
1047 1
162 2
530 1
1491 7
54 6
254 8
281 3
170 10
1795 2
819 9
1810 8
192 2
568 3
931 6
1902 3
58 10
282 7
1542 8
179 8
54 8
620 3
816 9
62 2
1564 7
344 5
1868 7
164 4
486 6
1091 6
861 5
1674 2
1530 1
1611 1
1867 7
1083 3
1431 4
1546 7
1177 5
1552 6
129 8
149 4
304 8
1408 5
480 10
1662 2
852 7
488 4
1216 5
448 5
448 5
1963 8
317 10
1349 5
939 4
948 8
1086 8
1129 8
222 6
505 10
444 9
1137 7
621 2
1399 7
1630 9
232 5
264 4
1901 1
1435 8
1656 9
314 6
1522 9
1330 8
1397 1
1493 3
1858 4
744 6
126 8
2019 7
295 2
416 7
438 2
1793 6
1416 2
1201 9
2028 7
1371 7
1842 4
300 2
910 2
621 8
1563 10
1417 8
1643 2
1516 5
1268 8
521 8
188 8
1415 7
194 4
1948 3
1588 9
0 9
417 6
1639 7
1968 5
213 1
1361 2
1379 10
165 8
177 8
1162 5
721 5
893 10
1840 5
1264 9
671 3
1086 2
1392 5
330 5
378 4
1691 7
1959 6
1151 6
48 9
1141 1
1393 2
991 10
1768 8
1999 10
1720 1
1812 9
1814 3
1004 6
1959 7
850 1
1769 1
1233 2
104 9
1108 8
1924 2
256 4
989 1
614 10
204 8
895 7
151 7
589 7
1250 10
1715 8
152 7
870 3
506 5
1047 8
959 7
1283 3
1343 1
257 3
943 5
1041 3
1314 2
169 2
1018 5
296 2
1553 2
1734 2
393 4
489 7
1809 7
1263 8
1138 1
1279 7
818 3
580 7
1787 8
1657 1
88 4
677 1
1542 9
947 8
1723 5
915 9
1853 5
299 2
912 9
953 5
538 7
1445 8
1504 4
1612 6
686 8
1035 8
1567 4
1933 3
1265 2
857 6
1673 3
775 7
164 10
1585 10
1659 1
1716 1
236 10
352 1
997 3
915 3
287 10
1313 10
1345 3
1605 6
70 6
1230 4
1310 3
1952 2
483 10
588 10
1467 6
546 3
1410 2
1502 8
2019 4
561 8
655 3
1827 10
1603 5
49 1
712 10
1131 1
1506 4
15 5
1891 9
1685 9
1947 1
686 8
587 3
263 5
1048 7
885 2
1508 3
1414 2
1047 8
1728 6
1985 4
1837 8
234 5
989 9
100 5
1736 3
486 8
993 6
1456 5
1479 5
1571 4
173 9
355 6
413 5
459 4
769 4
1107 6
1171 9
797 4
997 4
619 10
6 8
75 7
149 1
688 8
1993 3
116 8
749 5
1695 1
1706 10
1938 5
561 2
1725 3
591 5
631 1
709 1
1097 5
167 8
1569 1
683 5
1537 6
1550 1
1493 5
609 2
1316 8
137 9
542 8
288 2
1400 9
1611 1
994 8
1461 5
1387 7
60 9
1836 8
1891 4
367 3
800 8
908 1
1070 3
1445 6
1583 9
288 9
813 1
1452 10
1529 5
1831 2
1990 2
825 5
739 8
1332 3
1248 8
1247 10
1322 10
824 9
247 10
1753 1
567 7
829 8
978 8
1932 1
369 7
574 6
635 10
898 8
221 5
407 7
1280 2
1838 3
1314 4
1631 3
830 6
57 6
112 1
383 3
310 9
1914 6
1716 8
1164 5
1910 1
616 8
697 3
2042 1
164 10
544 2
1023 6
1154 8
381 3
284 9
1373 8
999 3
213 1
2029 2
1604 6
785 4
1725 5
1296 10
2016 2
1310 5
660 5
1693 9
275 7
1304 3
1555 6
304 6
390 6
969 5
1701 6
1117 3
1617 6
912 6
518 8
845 8
808 4
1341 6
323 3
488 4
1925 9
43 4
1300 9
1780 7
1475 8
81 4
706 4
221 9
1345 6
1989 2
1886 10
1953 3
1915 3
159 9
583 2
817 4
1277 3
136 8
748 3
729 4
624 4
763 8
411 5
1316 7
1897 2
1966 3
401 4
662 3
1145 8
1569 2
610 2
1069 4
576 7
1364 1
904 5
1124 9
1126 1
1062 6
1079 3
1922 7
1971 9
1020 1
1152 1
1194 4
699 1
1262 1
872 8
1137 3
763 9
340 9
1010 1
1252 3
1561 6
1856 9
608 3
795 10
1142 4
756 9
760 2
1313 7
1401 5
15 4
123 6
1081 6
1346 5
1396 3
1494 6
1181 2
1657 9
6 1
449 4
913 2
324 2
1270 5
1356 3
1545 6
253 8
467 8
8 4
1142 6
993 10
690 9
1289 6
1973 8
886 3
1994 9
933 10
1319 7
1944 2
1966 5
1985 9
151 8
286 10
631 7
978 7
1030 3
1121 8
1133 8
880 8
1437 3
1875 4
1615 4
1932 3
1104 5
38 2
323 7
1832 8
1723 10
1928 2
765 10
1291 1
181 5
1767 5
554 5
462 9
316 8
2038 7
1516 2
1839 8
1907 9
1014 6
1755 2
179 1
1345 10
1561 9
1603 6
108 10
170 7
1646 9
1953 2
864 8
1132 7
1565 1
1651 5
262 5
1346 8
1421 1
1582 6
316 5
507 10
858 3
1 4
656 4
309 2
773 3
1783 6
1102 7
1965 1
1107 2
1254 6
1028 1
1210 10
1404 8
1722 8
1958 8
4 6
299 1
1210 8
31 7
1405 10
406 6
421 2
552 3
1891 7
640 5
1354 4
1690 3
1829 7
431 8
495 8
1184 10
1313 6
493 1
2022 5
1483 7
1552 6
1987 8
608 1
1906 3
1893 6
1444 8
1493 6
1619 10
1824 5
746 7
1141 4
1637 7
796 7
1575 6
1231 3
2044 1
421 8
100 1
2022 4
1894 5
106 10
1066 10
1460 8
1246 6
1261 6
1456 8
1919 8
746 1
1003 6
98 3
441 2
453 1
620 1
1071 8
1387 5
1430 7
1592 9
1449 4
1500 8
619 1
749 6
1573 8
1598 5
1977 1
1492 4
1821 5
576 3
585 8
735 2
1055 3
962 1
839 6
1097 7
1296 3
1488 1
1665 3
1882 4
221 9
356 6
529 5
383 5
1674 7
1978 4
1729 9
18 4
1098 10
1254 6
1110 7
1111 4
1646 10
1142 5
1230 1
628 1
1187 8
864 9
1973 8
1051 9
1029 6
1686 8
474 1
737 8
1177 9
1267 2
614 1
1394 10
108 6
336 8
1641 6
1748 5
1191 2
228 8
1390 10
1865 10
152 6
1323 6
1547 7
128 4
1264 2
723 10
676 8
2 2
389 5
846 3
894 2
1173 8
1961 9
367 7
1731 2
490 5
0 1
1469 1
236 1
756 1
1536 10
60 6
121 7
1234 5
1812 6
1395 3
1453 1
1886 5
370 2
599 6
1008 10
1103 4
692 9
274 5
1654 8
1833 10
8 2
187 10
297 7
299 1
345 10
518 3
137 4
1491 3
1778 9
745 3
803 8
1577 7
1941 9
554 8
907 1
1109 1
86 9
1039 6
1802 2
1069 6
1094 4
45 6
1357 1
894 8
1757 4
1994 3
390 1
391 6
1035 7
290 2
910 6
1675 4
2011 6
71 8
982 5
1226 3
922 2
1419 5
702 2
1996 3
645 6
749 3
316 2
897 3
1770 8
1809 10
1861 4
1931 9
2042 2
234 10
735 3
908 1
1096 7
691 9
1187 7
1617 4
1213 2
1784 8
1653 3
268 1
23 6
1979 5
327 8
1014 10
1345 5
995 7
1472 10
1913 1
143 10
1019 10
1829 7
674 7
1185 3
1999 10
525 2
1355 7
1921 6
380 9
696 3
802 1
229 8
417 10
2032 1
1524 6
672 6
1983 4
1529 5
1305 3
201 9
823 6
1013 5
1328 7
1663 9
671 6
844 6
1513 7
714 2
848 1
12 9
1646 4
671 6
1235 6
114 9
1876 7
676 10
1936 5
106 8
704 1
866 4
1240 1
1876 8
308 4
1132 5
252 7
844 8
473 8
1394 10
912 6
1558 3
1987 4
644 1
793 10
1908 9
331 3
107 5
145 9
261 5
777 9
1649 10
676 5
369 1
1739 4
200 3
1833 3
1611 2
1407 4
1607 6
46 9
1219 10
1962 9
1258 3
1841 2
85 5
964 6
261 9
1502 9
1559 2
1951 2
77 5
578 3
723 10
755 5
520 4
784 9
1533 3
19 6
51 5
152 9
910 1
339 10
1004 1
1827 1
1846 10
43 7
367 8
988 1
1223 9
750 4
1785 8
1699 2
58 3
409 9
641 7
1104 4
135 9
1922 3
736 3
2031 9
414 4
1002 6
319 9
620 3
1373 5
1718 2
84 3
315 5
798 8
561 9
1928 7
129 10
120 5
1496 3
118 5
1827 1
1766 8
1150 9
1220 3
1542 1
380 6
1015 7
1361 3
1724 3
1286 3
1489 6
153 4
1548 8
903 10
220 1
1809 7
1509 10
893 5
587 7
2040 9
1319 2
1499 10
1942 9
1991 4
334 4
1081 7
1084 4
1153 10
1219 5
1194 3
850 5
1647 3
1751 1
1895 5
1133 2
2025 1
721 3
912 2
48 9
111 5
1065 8
385 2
908 7
1414 9
1531 8
1232 7
1250 6
1193 10
19 9
1771 1
1063 2
1578 3
1789 10
1186 2
1214 4
1848 8
194 1
1956 3
1321 1
34 6
508 8
512 7
1083 2
1757 7
434 8
1378 10
1549 5
1554 2
100 8
1227 7
235 9
1205 8
644 5
775 5
352 7
233 10
481 1
605 5
698 2
757 10
852 1
269 7
636 3
1524 10
319 9
368 10
1236 7
1367 4
336 4
1308 2
1488 2
532 10
767 8
1102 2
1704 7
739 8
1607 3
261 7
1453 9
1314 1
1571 9
458 7
149 10
1210 10
178 1
597 3
1108 4
1266 6
875 4
1919 5
287 4
907 10
782 8
1346 4
1354 8
1895 9
197 2
253 7
1052 2
49 1
1781 8
1463 3
1636 9
230 5
214 7
781 2
1680 6
216 6
252 8
751 2
1522 7
9 7
1080 9
1697 10
1819 8
1001 2
1287 7
998 9
498 8
240 8
1940 1
1430 9
1806 1
7 7
226 9
1431 8
1445 3
188 5
1555 7
1922 1
1169 8
1893 9
1722 10
1334 10
644 5
2037 1
1877 2
1371 8
1511 3
1210 3
1739 6
1703 8
679 5
1003 6
272 7
1335 6
1480 7
1918 9
1949 2
200 4
789 3
878 3
216 3
1330 10
1654 6
1982 2
32 2
596 2
613 1
1059 10
2013 9
1333 6
544 9
1381 9
1883 6
1920 8
690 6
156 6
1599 10
1942 10
212 1
1052 9
4 7
194 1
334 6
1346 5
1354 5
1501 5
1646 7
1857 6
206 3
283 6
428 8
1981 5
1045 3
1613 9
40 4
756 1
820 5
892 7
1029 3
1018 6
431 1
1690 4
1999 8
343 7
603 2
1134 9
569 2
57 7
1222 6
610 9
326 10
888 9
238 8
1483 3
1512 4
31 8
905 7
1106 5
1768 7
1119 1
276 7
1560 4
754 4
846 9
1185 1
1041 8
228 1
941 1
905 3
1758 6
423 9
1927 8
1786 4
1520 9
39 9
245 8
701 8
1224 6
1282 5
1374 4
1193 3
1242 10
372 10
804 1
925 6
1147 8
1233 5
1324 4
1337 5
1244 8
567 7
860 7
1493 10
1679 2
506 10
1013 4
454 5
249 10
1673 6
889 8
952 9
682 5
364 9
1663 5
1868 1
150 8
660 1
1165 5
249 2
876 6
332 4
716 4
1610 7
1066 4
1997 3
1486 2
1536 7
2008 8
513 10
658 1
1457 7
872 1
39 6
15 5
1820 1
140 10
851 5
572 1
874 5
1098 7
1324 8
1249 4
1337 5
851 4
332 3
444 6
853 2
892 7
1284 7
494 4
926 1
1648 8
511 3
627 8
1234 3
623 7
714 7
270 9
102 2
529 10
1275 1
843 8
99 6
830 3
1406 3
414 5
762 9
92 7
615 1
706 8
843 7
998 1
646 7
1779 2
1590 7
1717 10
909 5
902 7
1462 10
343 3
1399 5
573 7
1305 3
1176 2
1914 6
110 1
1472 7
1402 7
876 5
2033 7
1422 2
1571 10
1461 6
453 10
1628 2
190 7
552 6
1071 1
1228 1
1058 3
1695 2
1554 10
1797 4
1809 8
398 7
499 6
779 1
1458 2
1665 7
2018 6
1589 2
800 7
903 7
113 6
818 4
28 1
568 10
765 6
1319 4
865 2
135 6
1871 4
1543 5
1888 5
1953 3
894 5
1961 8
524 5
1458 1
2009 10
43 5
1602 10
816 3
334 9
478 8
970 10
1621 10
373 9
1552 9
1631 5
1680 6
2010 1
1034 4
1331 8
1537 10
1646 2
1171 7
1620 8
928 10
587 2
242 1
1934 5
1218 8
1302 5
1556 3
1711 2
1458 6
1606 3
1345 4
799 8
591 7
902 8
1497 3
911 10
882 1
549 8
1042 5
1059 1
980 6
846 5
1442 9
1830 5
156 10
861 4
1085 4
555 8
519 6
1558 3
1731 4
1880 6
521 9
1315 10
1028 4
1518 2
1176 10
151 2
1034 6
1586 5
2037 7
169 6
1521 6
1805 2
671 4
359 5
379 1
411 2
433 3
1335 9
384 4
138 10
2012 10
487 4
1148 4
1841 9
1923 1
340 2
765 9
1639 7
147 7
1136 9
1435 10
62 5
415 10
541 6
771 10
791 6
1096 6
1750 1
589 5
211 9
987 10
38 8
920 4
683 8
1878 5
1472 8
1745 4
279 2
550 3
850 6
647 1
86 2
1030 4
2002 5
1859 3
820 6
1207 7
1256 5
229 6
237 10
1506 1
748 5
1747 9
392 8
1064 5
965 7
1757 9
1854 4
303 9
739 8
881 2
807 1
361 8
78 6
1807 7
1438 1
208 2
330 6
613 3
767 10
1266 10
280 3
1030 5
337 4
1881 2
1728 9
5 1
1074 6
366 6
606 2
451 3
129 7
1178 5
469 9
5 9
1934 3
1638 4
329 1
126 3
1995 8
1933 4
1179 2
25 3
105 5
126 10
1264 10
1292 10
1852 5
689 4
628 9
1012 1
1270 3
346 4
1097 1
530 5
865 7
1233 3
459 5
1879 3
516 9
947 2
1818 1
5 10
1169 1
1623 6
531 4
1651 3
238 1
802 7
1648 7
1686 3
343 3
798 9
950 10
1167 7
1360 5
1961 2
1866 8
1911 10
1934 6
179 1
295 8
1206 9
1731 1
1076 6
412 8
1452 7
23 7
1232 5
1648 3
421 4
1644 6
642 4
22 9
1361 7
587 6
1513 8
262 9
436 7
479 3
785 7
424 7
110 6
401 2
1473 7
1507 9
1774 9
1917 2
659 4
860 2
1247 8
562 8
653 10
850 4
128 3
1786 10
2025 10
1248 10
1701 4
1674 10
604 3
447 9
525 5
1006 6
1926 3
993 2
1357 3
721 1
864 10
1598 3
1295 4
1866 7
473 8
1163 5
784 1
293 1
1661 8
1444 4
707 7
524 9
1697 6
1739 9
1195 2
517 1
1550 5
1078 4
1472 8
2011 10
39 3
503 5
665 9
964 3
969 3
629 7
1625 7
1652 10
1991 10
630 4
132 10
987 5
1763 2
1834 6
178 1
824 7
1782 2
1705 6
35 1
665 9
1199 2
1312 9
687 4
1507 1
1605 8
577 1
819 8
1028 10
96 7
1174 7
353 8
1125 7
1171 2
1970 7
1754 9
324 1
1961 4
549 6
1172 8
1800 9
405 5
455 10
1884 4
1151 8
1620 8
932 7
1459 10
1277 5
2034 2
839 6
1500 8
299 8
320 1
702 2
1538 3
2036 9
1712 7
2030 8
557 3
929 5
1244 1
1956 2
1662 1
1964 7
444 10
795 10
814 3
1362 2
281 1
1774 8
956 4
276 9
1627 9
704 10
1706 7
1574 9
648 5
57 5
996 9
774 4
842 9
1751 9
1936 8
795 5
1482 7
1875 8
1896 2
1978 3
692 8
1868 8
1145 2
866 5
1894 9
835 9
614 4
1570 6
748 3
1051 1
434 8
547 6
1862 3
1114 3
1153 10
758 3
1644 9
613 9
1469 2
1472 3
739 10
1256 7
1844 9
1595 3
1328 9
2015 1
1162 4
1329 8
1863 3
632 4
930 1
498 2
1782 10
820 9
1902 7
79 10
429 7
413 1
1114 5
1474 4
1899 4
1727 5
206 6
663 3
1771 2
1613 3
1658 10
16 7
598 2
1383 10
1925 8
1168 8
731 1
808 4
926 5
1722 9
1665 3
1899 10
1513 7
1897 7
851 10
1237 3
213 2
507 8
1879 5
82 5
220 1
1389 1
1691 4
179 4
1041 4
116 10
821 8
262 5
1879 5
186 4
1800 8
1113 2
1100 2
1572 5
578 4
782 9
1069 10
1807 7
299 8
1819 10
606 8
1690 2
240 4
2035 1
1376 9
1670 9
1892 7
215 10
1645 9
625 10
1251 8
132 1
1408 4
353 4
1575 2
138 7
660 9
1208 6
1329 3
323 3
833 4
1554 4
1190 8
373 9
960 9
652 10
462 3
101 3
1991 1
288 7
2046 7
427 1
1628 5
657 3
1512 6
290 6
1906 2
513 2
1451 2
1893 9
2027 9
961 1
1000 6
1651 4
1843 3
1591 7
1256 4
216 1
949 8
211 2
1463 5
112 5
1064 6
1448 2
1756 4
181 1
1530 5
438 7
1209 10
1400 7
750 3
1552 8
1593 2
531 4
1134 5
1321 9
1270 1
2001 10
1512 9
41 10
1737 8
1850 10
509 3
1702 2
737 3
1474 8
1909 7
186 6
263 2
935 4
69 10
1510 9
1717 8
1790 1
71 7
418 4
539 1
1254 8
1200 5
1062 3
1568 9
1 1
448 7
1352 7
1065 10
1707 6
1612 2
955 6
584 5
612 6
881 6
1365 2
1368 1
781 5
1789 9
1373 6
390 6
1943 1
121 6
349 8
743 5
944 1
1418 10
1947 1
326 1
1254 8
1501 6
1864 8
1484 9
1669 3
1968 4
269 3
369 7
549 10
1207 5
1362 6
1809 10
587 9
230 9
994 9
1360 10
959 9
595 4
920 10
1995 5
306 10
449 10
895 10
1450 5
708 6
1325 3
1577 4
1934 7
698 6
2018 5
735 9
350 6
465 4
476 10
87 3
1730 2
116 5
364 7
986 4
1123 6
920 3
1496 2
337 4
1501 5
659 6
1195 6
2009 1
1769 4
1648 7
1678 9
145 9
240 3
275 1
1048 10
897 7
853 3
1588 2
82 8
757 6
1075 4
1269 1
1996 4
82 2
1429 2
1526 8
1609 6
1754 7
165 2
1948 6
1868 9
362 7
803 8
670 1
1701 10
231 3
1873 3
173 7
1149 9
1282 10
1361 7
1410 8
1385 8
1429 3
1752 7
1624 1
1968 2
964 6
351 4
1060 2
1403 7
1876 4
428 4
617 1
1120 2
1433 4
736 4
1454 8
314 4
140 9
1223 8
1817 10
1861 7
102 8
442 7
530 1
815 2
899 10
120 5
2047 10
934 10
341 7
382 4
1486 1
374 10
268 2
893 2
897 9
436 8
1797 8
947 1
1129 10
15 6
375 3
540 1
191 1
1200 5
831 2
160 7
225 3
395 9
595 7
1333 7
25 10
440 10
451 2
580 4
679 1
2040 6
579 10
1425 7
698 5
881 4
365 8
703 1
844 1
1129 3
1250 7
1712 3
1341 3
1637 8
154 7
224 6
974 2
417 2
452 2
1460 9
1526 9
1971 8
2006 5
681 7
700 7
1100 4
1126 8
1045 5
908 8
1998 2
378 6
849 2
1477 1
103 7
1655 4
1351 2
1752 9
1725 5
280 3
649 3
711 10
689 6
563 10
1827 3
42 4
1666 5
1672 4
392 4
1078 6
1075 4
1789 3
1319 2
1258 1
765 8
1305 6
797 10
1020 6
553 5
110 8
481 1
1156 7
897 5
1272 3
1044 2
524 1
560 9
1257 4
803 2
182 5
1169 3
1205 5
1346 10
1251 6
1797 4
2004 3
817 10
1233 6
726 1
1685 1
166 10
531 6
290 6
483 1
1550 9
1017 4
1466 2
1303 3
690 2
277 1
1783 8
1115 4
1375 3
51 7
704 10
1524 7
1638 4
1819 3
1978 4
758 6
891 8
184 10
2006 6
1528 9
1761 1
1829 3
34 10
483 1
1095 6
1148 4
362 4
1308 10
1518 8
1916 10
1045 1
1419 8
565 5
587 9
1835 3
1256 8
509 8
947 9
1460 6
1697 5
1466 5
925 4
1337 5
22 4
833 9
1195 8
1297 9
1003 4
665 4
1848 8
78 5
1141 9
1862 5
296 3
1063 6
622 9
1190 4
639 7
1913 8
242 10
504 9
1680 4
491 9
1068 1
1148 10
1197 4
1866 9
1387 1
1791 9
983 1
1414 1
18 1
1403 9
1809 10
1798 9
577 6
1198 3
1543 8
57 1
1112 7
1806 6
571 1
1002 10
1007 5
1307 10
1543 6
1777 3
538 1
827 1
305 4
973 3
1114 10
879 3
1455 9
944 3
222 6
513 3
624 1
671 8
732 7
1331 3
1524 1
2002 3
1941 10
1453 9
379 4
1447 6
335 8
1341 4
984 3
1288 7
204 8
1436 7
1402 8
1784 5
1867 9
73 10
161 5
1623 7
237 8
1915 1
1988 5
305 8
548 9
987 5
670 10
1146 7
973 1
1932 10
412 1
607 4
807 10
887 10
1173 5
2035 10
1241 2
484 5
1882 7
212 4
336 3
1122 2
164 7
261 1
1499 8
1714 4
1378 2
1048 3
1785 9
754 7
516 4
1776 6
1564 4
440 9
1155 3
1344 9
325 6
375 10
326 9
886 10
1380 6
491 3
804 8
802 5
583 3
1169 9
1327 7
531 2
101 2
642 6
532 1
992 2
2044 7
823 5
196 4
128 9
858 1
1318 10
1497 7
1511 1
1843 4
70 9
1285 6
121 7
402 3
428 6
895 5
1527 2
512 3
50 7
918 6
928 4
1118 2
1484 9
1469 8
205 4
416 10
594 2
1525 2
530 10
1575 4
307 4
711 3
1016 4
1498 9
959 3
188 10
977 8
1910 1
1911 2
420 4
819 6
1286 5
1874 2
1209 5
781 4
1122 1
1451 5
1161 1
58 3
1643 9
2010 5
262 8
817 7
1312 8
2004 6
780 3
939 8
1637 1
1789 1
483 7
98 10
236 6
744 6
1298 3
587 3
1667 1
1742 7
878 5
958 2
1751 1
1946 8
378 1
337 10
1535 5
1677 3
1958 3
1966 10
21 1
745 6
1534 5
776 5
1771 8
530 9
1725 3
176 9
214 10
1824 5
1073 7
1351 7
1269 10
1713 3
93 1
301 4
392 5
879 7
1371 10
400 3
41 2
291 1
1204 6
1582 1
609 3
1420 3
772 8
438 1
627 2
1138 6
1800 5
167 9
322 3
488 7
995 3
1064 2
1566 1
1822 3
1127 7
164 7
914 5
1624 3
1769 2
2001 7
1651 7
2041 2
2017 5
569 8
284 2
611 3
1158 8
1189 9
1304 1
707 2
609 8
383 9
1733 5
1933 7
468 7
1508 8
1509 6
720 2
1367 5
1136 5
1906 3
158 4
518 1
864 5
1552 10
938 6
1096 4
457 10
1127 1
1234 6
717 2
451 7
269 10
401 9
445 9
1162 7
950 9
1873 9
1671 10
1266 7
1689 7
1765 4
1553 1
1793 9
1989 3
64 5
507 3
1306 8
263 5
1626 8
120 5
1832 3
1801 1
1315 5
1891 6
263 5
2013 5
375 2
636 9
1410 5
1495 9
1738 6
1204 1
1935 10
2040 5
190 2
602 9
896 8
426 1
393 4
1919 4
19 1
719 1
833 8
1370 9
1544 10
1250 6
1452 8
1162 6
361 3
951 9
1547 1
1186 2
561 10
1927 2
615 8
827 1
1058 8
1445 4
1625 10
1315 2
1364 10
100 2
181 4
1329 7
1124 9
1220 6
1956 9
1896 4
103 8
738 8
786 9
834 8
1110 2
1373 3
986 3
305 3
1565 9
1754 2
1821 8
88 9
738 10
57 9
1888 7
1124 6
504 5
1591 9
668 2
747 6
1038 3
565 5
1377 3
1292 3
1604 1
2040 4
350 3
159 5
1614 1
17 8
1297 2
1635 9
1741 5
75 1
148 9
291 1
469 6
579 3
1119 5
2005 10
1117 4
1342 4
490 8
1231 6
1242 9
1725 3
793 6
558 1
413 1
2007 10
687 4
1172 10
858 5
407 1
1147 9
1704 5
298 10
533 4
1160 7
9 7
1519 4
163 7
158 9
1085 1
1139 4
1244 1
1556 9
1772 4
1667 3
682 1
228 9
1539 1
1940 1
884 4
1191 4
108 6
225 10
200 6
63 9
1456 9
643 2
1943 4
1814 9
1644 9
1972 4
163 6
314 2
1204 1
1228 2
1770 1
1598 5
355 5
1816 9
196 5
357 3
1116 2
1427 6
804 2
1910 2
1969 3
281 3
936 10
1362 10
1200 4
1321 9
1779 6
2034 7
109 4
551 7
602 3
1440 5
258 9
624 4
2016 8
631 3
370 9
1257 8
1593 1
683 2
879 7
245 10
981 6
1423 9
798 4
800 2
249 4
68 4
1252 6
1527 4
65 3
1444 2
1796 2
863 5
880 3
2023 2
671 8
429 7
1027 3
1273 7
1463 4
969 6
186 5
243 1
2044 2
17 10
1032 5
872 6
1313 3
484 2
194 1
519 5
567 5
771 5
1616 3
1043 9
1994 6
103 8
139 3
831 2
672 3
314 3
1750 2
288 10
326 7
718 5
480 9
64 4
510 9
945 7
280 7
1244 6
1537 1
19 5
312 5
590 5
1209 9
326 9
155 3
742 7
228 2
655 7
885 2
703 4
287 10
1143 9
1192 10
1797 4
472 9
826 8
1769 8
1379 5
1656 4
309 9
2017 5
972 10
2041 8
1754 8
1629 8
1650 10
127 10
1175 9
549 10
1468 2
988 6
1787 2
1365 2
1668 9
600 2
266 10
1653 1
1814 5
40 6
289 6
633 10
680 9
1965 3
625 10
802 5
1359 7
1919 1
110 5
1449 7
1557 9
270 3
1930 4
17 3
1256 9
1902 2
553 9
421 3
477 3
1573 1
1452 2
342 8
1626 5
1892 8
2005 3
545 4
801 3
1965 2
530 5
1620 2
1832 6
1430 3
1109 2
1060 10
1140 1
231 7
9 4
533 2
340 2
1964 5
278 3
1092 7
1022 5
229 9
1257 5
1407 3
1569 5
863 9
1036 4
616 5
854 7
41 5
303 6
402 3
603 5
816 5
874 3
1336 10
630 5
1716 2
639 5
1671 8
499 1
381 10
1936 5
408 4
690 7
1122 4
285 1
2035 1
1871 1
1747 9
1369 10
1074 4
1670 10
766 1
1196 5
263 1
801 10
1242 6
1702 4
1649 2
1673 1
1218 6
1558 1
1194 6
1414 8
1985 6
2015 9
279 7
1373 3
1740 5
669 9
51 7
1778 2
1990 8
1320 3
980 5
50 3
1295 6
1720 2
227 2
1122 2
1657 10
1966 4
636 4
888 3
1133 1
549 4
327 7
1469 6
251 5
341 6
423 2
582 1
880 6
670 5
1350 7
632 9
1684 4
2040 5
1295 2
731 7
800 7
1206 1
1161 1
1457 2
329 1
1768 10
1190 6
1049 1
1434 3
1338 9
1114 3
1767 3
1960 8
462 4
611 2
1064 6
1559 1
904 7
387 7
1128 8
440 5
1618 6
1237 4
1911 10
401 4
675 4
1579 3
606 8
752 9
1884 3
244 9
340 3
973 8
1221 6
586 3
1279 4
410 1
1615 6
1836 10
539 10
10 10
1653 7
2043 10
1251 10
881 6
1952 9
1958 3
2021 2
156 1
1418 8
1594 2
138 10
1371 8
439 8
664 10
1942 5
181 9
267 10
349 10
1370 10
1838 3
253 6
186 9
670 10
799 6
808 7
982 8
1917 10
309 2
479 3
327 9
1149 5
1397 6
1514 7
1152 1
1830 4
1817 4
565 9
139 10
1472 1
1540 3
67 3
1807 3
136 1
626 1
896 8
1411 7
1554 10
572 8
818 6
1929 6
329 4
1144 9
1548 8
1071 7
1593 5
1759 4
426 8
64 7
1685 9
1422 9
143 2
931 4
1363 2
1447 5
949 10
909 7
11 2
410 4
742 9
1050 8
1981 7
1587 8
560 10
766 7
1167 9
1126 10
1708 3
1660 4
1214 3
1370 5
392 6
91 3
93 6
1025 2
1025 7
1060 9
670 9
1155 10
1917 3
516 6
449 4
1736 10
544 4
577 8
855 3
1559 9
1131 10
1654 3
1687 3
65 8
1054 4
1326 9
422 9
898 6
1709 8
1802 5
1825 5
1862 6
2023 4
1252 7
1532 1
436 7
134 4
1483 8
212 4
41 1
463 2
503 4
648 3
654 3
971 5
1497 4
1392 4
733 2
1176 7
1383 7
43 8
989 7
1940 3
286 6
434 3
1747 4
273 8
697 1
1265 6
2031 1
607 4
371 8
1804 7
1173 2
239 3
478 6
1530 9
307 1
918 5
1133 1
1429 9
1401 6
1568 9
1811 9
1885 9
1912 5
685 7
692 6
1443 9
353 4
142 10
717 8
762 10
1289 4
1371 2
1243 9
1337 7
832 8
1261 10
33 10
738 2
1013 6
1310 3
832 3
164 7
656 8
1355 8
1398 7
1401 3
370 9
452 2
1467 7
1000 1
230 2
685 4
907 5
936 10
1294 10
1603 2
948 3
489 3
1005 9
1060 1
922 10
1587 10
922 2
1244 5
1449 4
1541 7
196 7
1983 4
1397 3
1752 4
198 8
965 2
1411 10
79 8
904 6
1813 8
1851 6
1955 3
1082 2
1280 3
679 1
1618 7
99 6
1589 1
313 4
567 6
805 5
1635 3
726 2
1271 8
1334 6
397 3
1034 4
1486 4
380 9
597 6
2022 7
45 8
1853 8
1907 3
962 3
1586 4
769 3
1168 9
667 9
1870 2
494 3
1608 10
1188 1
1233 9
1989 7
1987 5
1991 6
2007 4
165 4
744 6
1434 10
712 1
952 6
1694 8
613 2
2004 10
1192 1
1795 2
1937 3
1630 4
129 10
1744 1
1767 9
1791 4
166 10
172 2
275 1
810 7
1408 8
527 1
1776 4
1875 6
971 7
1163 2
1421 1
1706 2
2035 9
408 6
1115 1
1287 9
858 7
239 8
2030 5
1348 5
390 9
1084 3
1713 6
454 5
1679 4
691 3
30 9
95 7
199 5
724 6
791 8
801 9
1051 8
1365 7
1436 3
1258 3
13 1
38 2
1487 5
19 6
2034 10
1981 5
146 10
938 9
1533 1
1565 3
27 6
1766 8
1803 2
1906 9
1589 9
1015 6
355 9
548 1
903 2
1701 7
1460 3
88 3
1760 9
1815 7
885 10
1602 10
1442 9
483 2
427 4
243 9
824 2
1547 10
1600 8
457 2
1735 9
1090 8
178 10
890 6
922 4
970 8
1487 4
1790 4
901 8
1127 6
1192 3
1604 1
1347 6
598 8
1810 4
589 4
1823 6
14 8
48 3
1079 1
1161 2
1260 7
1405 10
603 10
2028 1
1914 3
2010 8
100 2
217 3
1276 4
229 3
655 7
331 4
605 6
1945 7
1947 3
334 9
482 6
1534 3
377 9
783 5
362 3
1467 9
2027 7
1977 4
285 6
526 7
1664 4
1346 2
248 10
350 6
1895 1
1090 9
1505 4
698 7
1861 1
1326 6
1370 6
313 9
514 6
637 2
1691 7
1881 3
308 4
613 1
793 4
1019 3
1109 10
689 2
249 1
1902 2
1881 6
561 6
111 9
341 4
1610 4
1051 1
614 8
1002 6
517 2
813 8
1494 1
1627 9
206 3
842 8
862 10
1197 9
256 5
1398 3
1263 8
275 10
1735 5
1788 3
555 8
640 4
641 7
816 5
1635 3
892 10
725 2
382 5
504 6
585 10
881 5
776 5
1916 6
1547 7
2023 9
302 8
569 5
463 6
1442 2
1249 3
1339 4
1438 4
699 8
1681 7
1921 3
1178 7
1815 2
743 1
1741 3
445 9
33 1
174 7
248 3
1220 9
408 2
155 9
1698 6
630 4
1883 7
1658 8
1744 5
29 9
208 10
334 3
890 8
1364 2
412 8
1202 1
886 5
1005 3
341 4
1773 6
1826 1
142 9
1409 6
1501 5
724 2
243 9
1327 10
871 8
1693 6
788 1
1075 5
2009 7
522 2
591 10
1957 4
1300 2
2036 2
603 8
514 4
1995 7
561 9
1221 6
1405 4
1471 10
1668 7
611 4
232 9
1935 10
1454 2
1603 4
987 2
396 7
849 1
226 1
1829 6
1832 7
160 5
266 8
1332 8
394 9
916 1
1709 7
1943 2
1320 7
1808 3
1563 5
1707 5
1953 1
25 2
734 7
1009 7
1726 5
1413 6
1423 7
1662 2
110 7
1202 10
1041 2
110 3
1457 6
1704 5
979 5
15 3
714 3
1796 2
1828 9
1889 1
1899 5
318 1
946 10
1138 6
1630 3
294 1
1737 2
138 1
1636 8
1703 7
398 4
1945 4
470 1
478 3
484 1
909 9
1023 8
793 2
2014 5
999 1
1373 2
235 9
1945 3
151 6
418 6
737 6
1483 3
684 10
1420 7
1788 1
66 9
828 1
970 2
1664 6
957 6
103 2
1536 3
1976 5
1518 4
182 4
261 9
2032 2
425 6
378 7
1184 8
509 7
592 10
1075 1
1746 2
1785 4
397 10
657 6
900 5
1215 8
1192 1
1599 2
1952 5
1359 10
1455 8
31 9
813 4
1937 8
630 8
1302 2
624 8
548 6
1881 1
673 9
931 2
822 10
1929 7
97 2
426 10
825 4
1180 1
1607 2
126 1
446 3
1144 1
717 2
1905 2
1787 4
1330 10
1436 9
1247 8
562 10
193 1
861 9
1189 5
578 10
1239 10
788 8
1111 1
1305 3
419 1
263 5
320 2
924 7
1055 5
1203 3
1219 5
1561 3
801 8
1535 3
1486 5
189 6
1865 1
413 4
1705 5
592 4
1750 3
1801 9
20 9
360 4
432 7
1433 5
1742 3
591 1
726 6
2039 7
132 8
508 8
711 9
1004 7
1199 6
1390 9
1996 6
633 4
804 9
839 5
1260 9
1034 9
1749 3
1032 3
353 10
289 3
1465 2
145 8
553 6
1400 1
1268 2
412 1
386 1
1377 4
1843 9
107 7
424 8
889 5
1121 8
505 5
221 3
2037 3
38 10
434 3
658 7
209 7
2037 8
1542 5
1823 5
1186 2
316 4
1063 6
83 8
932 7
1671 9
1686 5
123 1
1912 8
187 10
342 3
364 1
1047 5
1200 3
1951 8
1633 10
1979 3
168 5
1036 7
1708 2
617 8
1970 5
1453 8
83 7
142 6
774 8
1550 6
1887 9
1012 8
29 1
1823 1
891 5
1332 6
1409 9
1294 4
1921 4
1744 1
1915 8
1606 5
993 8
825 6
1692 3
1793 6
1559 5
1768 5
1915 4
676 4
681 5
1727 3
1039 5
1533 7
306 1
1015 2
89 1
906 5
935 7
799 4
1108 10
771 10
1022 9
1032 10
1694 5
1031 3
1660 1
263 7
1739 1
133 9
1385 4
784 9
1865 10
902 6
1715 2
372 7
1124 7
274 5
219 10
942 8
1388 9
1640 4
708 2
1601 9
1119 1
1810 9
1874 2
252 5
526 5
1154 2
1265 5
147 6
619 4
1845 5
1021 1
790 9
1080 1
1766 2
197 9
293 6
1729 3
485 10
956 8
1384 1
1726 3
1580 2
477 9
575 4
1807 10
847 5
1425 9
1534 1
1310 1
659 6
1135 9
473 1
2026 3
877 8
1153 3
1472 7
1486 9
1651 4
1976 10
366 5
558 7
1211 1
1847 8
242 8
1929 4
3 8
325 5
466 4
900 5
1416 9
1587 8
1556 2
2033 6
1469 7
816 10
426 10
645 10
1069 5
1242 2
42 6
385 8
865 9
1451 4
307 1
17 8
74 4
568 10
1275 4
1315 7
87 8
1388 9
4 6
965 7
1344 6
376 3
78 6
1864 4
554 4
586 10
673 7
968 9
1626 4
70 5
110 7
412 9
1052 3
59 6
1669 9
1498 1
125 10
540 1
853 2
1120 8
894 8
644 7
348 5
700 8
944 1
991 10
932 4
1412 2
306 1
1811 9
349 10
1137 9
2007 7
497 8
315 4
429 10
1141 1
1547 4
1090 9
153 5
147 6
7 2
2018 6
1304 8
1667 8
1749 2
640 7
40 8
324 1
832 3
960 9
1613 3
1660 9
1240 5
94 10
333 7
1180 8
1342 7
1612 10
1741 5
812 1
989 8
616 9
920 2
1085 3
1181 1
1467 4
1586 8
1540 2
1913 9
315 4
427 9
622 8
1569 1
1140 1
1278 8
1901 1
650 8
1313 1
1434 2
1535 8
2038 10
1852 3
564 1
909 3
1777 8
877 7
1565 4
1856 2
1946 4
462 2
908 9
280 3
655 4
77 1
1696 6
528 4
664 2
853 4
1422 8
1403 9
1853 10
55 6
94 5
856 6
1039 8
364 4
1125 10
1519 6
1661 4
928 2
2014 6
334 10
588 5
1509 3
1771 8
544 1
610 2
1886 1
332 7
435 3
1606 2
1272 9
107 8
140 10
792 1
1359 2
1571 6
1969 1
224 3
980 9
1140 9
1223 7
225 5
125 8
1981 10
2047 8
1325 8
704 9
923 2
1129 3
1109 3
1413 2
1791 2
1431 10
943 7
1072 5
1860 5
9 2
193 8
787 8
1246 6
1496 8
984 8
1894 4
1056 3
1280 8
888 5
1828 7
1513 5
1095 4
1300 8
1715 4
764 7
1518 9
55 5
2032 4
711 9
912 1
1344 4
1991 10
462 7
1404 10
936 2
107 3
1188 8
1721 4
1588 2
1913 1
575 7
850 4
25 4
1686 3
1712 1
1458 9
1488 3
1532 1
428 6
1313 10
2018 4
1130 2
250 3
1672 4
1086 2
1455 1
202 5
1506 9
1782 2
229 7
896 2
1660 4
547 3
348 10
417 7
907 9
710 8
1046 3
311 8
1171 6
1741 6
173 7
1084 2
1547 9
293 6
985 6
1143 1
949 3
259 2
928 3
54 7
207 7
879 10
888 4
954 1
1157 2
1660 2
1946 8
1015 5
113 9
574 5
1575 2
1707 2
121 5
1808 2
1043 2
1802 3
594 4
869 9
1478 8
1493 4
300 4
1364 4
1051 1
1585 4
2025 2
78 6
1082 2
508 3
346 1
1507 9
1971 8
516 10
754 10
778 8
1043 5
1009 3
31 7
411 4
1417 9
1969 10
1538 5
1439 8
525 8
840 5
914 3
1096 4
858 1
1548 1
1726 9
2012 1
290 10
431 10
460 1
612 7
771 4
1636 5
1796 3
1274 2
450 10
600 8
689 9
1037 6
1152 4
1667 2
396 4
27 2
1983 2
768 10
1642 7
486 7
1825 4
2046 8
373 7
1380 2
255 5
1954 8
513 7
1842 4
1508 6
1328 1
168 10
758 4
922 8
1389 7
1441 7
1750 10
1624 3
1884 5
215 1
396 3
1139 7
1704 3
1796 2
221 8
1999 2
543 4
803 10
989 8
1187 7
1307 7
1461 10
1507 10
1364 8
740 9
379 8
1278 10
937 5
1673 4
1157 8
666 2
1747 9
443 2
392 4
552 3
653 10
912 7
1644 9
986 1
328 8
1763 9
27 5
1270 6
1180 9
1826 6
84 9
1829 3
1652 8
580 2
948 7
1034 2
426 6
1568 9
1180 3
804 8
476 3
1589 5
2014 5
2047 10
25 2
91 9
1691 2
1669 7
1936 4
33 2
514 5
615 7
1569 9
211 7
246 9
306 10
773 4
1623 4
1475 10
704 8
406 7
921 5
1396 1
943 7
632 10
880 4
41 8
167 10
579 10
840 6
1130 10
1441 10
655 8
1497 3
2031 2
1327 8
1878 5
804 1
87 10
112 3
1352 1
483 1
778 10
1257 5
1556 8
133 6
467 1
992 6
2000 7
36 5
1539 3
1151 3
1879 9
461 6
1733 5
1738 1
1673 6
1937 5
189 5
419 10
832 5
1536 5
659 8
1251 5
1804 4
1636 5
1993 3
1878 8
2047 3
189 3
1812 6
2015 3
1069 2
1696 1
466 8
1196 10
1304 1
1487 3
1299 1
342 5
768 8
1108 9
1784 7
1707 9
425 4
2038 6
1835 5
1869 4
205 6
971 1
1283 7
1702 6
1498 3
1249 7
1812 3
1623 4
1376 5
884 10
853 6
2013 2
155 9
674 10
628 5
1209 2
572 8
296 10
692 2
920 4
1239 8
1548 3
1702 7
1594 6
879 1
1966 9
1295 3
1271 10
209 5
1058 6
169 4
119 5
1894 7
1412 6
566 1
1881 2
82 3
122 3
171 2
231 5
1500 3
842 6
822 4
1828 5
387 9
562 1
923 9
1618 10
625 1
1207 8
298 7
755 7
367 3
1090 3
694 7
1199 8
407 2
546 7
1621 3
1213 3
1880 10
1983 9
81 6
264 10
362 9
1045 2
1241 8
388 8
544 10
695 6
872 10
1177 5
871 8
124 1
973 6
954 2
984 7
1296 2
1382 9
83 5
240 9
753 2
763 7
432 9
1114 9
1171 4
1805 4
308 6
693 9
1449 3
1524 4
1731 9
938 2
111 7
656 8
1029 10
1430 9
999 2
1894 10
1992 2
76 1
1748 5
692 10
1047 9
275 4
1965 1
163 1
363 10
703 7
781 10
1299 10
322 5
1933 5
52 8
480 4
1753 8
295 2
119 3
947 4
996 8
1037 9
1314 8
462 4
1502 8
1883 3
120 4
938 1
23 8
540 8
331 8
893 2
1069 3
1878 6
255 8
972 8
1453 10
1901 3
1652 6
442 3
218 1
144 6
229 9
1394 5
1771 3
1006 4
1968 2
503 6
951 5
708 4
882 10
1113 2
1774 10
1947 7
1655 8
1189 5
1388 4
862 10
1962 6
985 6
1048 9
867 6
282 4
908 4
1093 3
1772 2
33 10
323 10
1231 9
42 5
652 9
734 2
978 7
1337 6
713 2
818 6
704 2
1169 4
159 9
1386 3
1873 7
53 9
472 2
663 6
707 7
1782 5
1861 10
1866 8
415 2
1680 1
1860 10
712 1
1475 7
1278 4
580 2
741 4
788 10
1428 3
1503 5
1934 6
1957 10
1636 6
1135 4
1431 3
353 9
1056 10
1024 7
108 5
645 7
923 8
1460 8
1109 6
1758 4
936 10
997 7
595 6
1266 10
365 6
1745 10
348 3
1725 1
1399 8
1407 7
1506 9
1860 8
709 7
979 10
556 4
814 3
821 3
1161 7
347 6
245 6
1513 9
159 1
649 4
1426 8
1470 9
1348 1
1160 7
435 9
1907 5
296 7
361 7
1103 8
326 2
358 10
626 1
1828 4
260 9
779 9
1656 2
577 5
642 5
473 5
772 8
1367 4
1601 1
502 10
300 4
1969 6
1155 1
586 1
604 3
1119 5
1546 9
1859 7
1471 3
987 3
734 7
1020 4
1529 2
1747 2
743 2
221 8
339 1
430 10
1237 4
1661 6
1425 8
140 7
349 7
119 7
493 7
722 10
774 7
1290 7
1291 8
1473 4
1980 5
464 9
1331 2
157 4
561 3
484 8
50 4
98 4
137 2
316 1
573 2
631 6
725 2
790 3
978 1
1385 5
1850 6
1819 5
1825 8
349 5
93 9
1106 4
1396 3
1439 5
1437 5
1822 9
2024 10
529 9
1070 1
1838 10
675 8
191 10
636 9
1377 6
542 1
687 5
962 7
1390 2
1682 6
1718 1
1834 2
505 4
1681 3
1144 4
309 9
311 7
335 5
898 8
1258 4
1516 7
643 4
811 3
1694 7
588 3
1848 3
1335 6
888 7
624 2
689 4
581 10
1417 4
1616 3
1807 5
1027 8
627 8
1644 9
292 1
486 2
408 4
515 1
762 6
839 5
1072 1
1225 10
1270 5
783 3
1777 1
1738 9
621 2
534 9
370 10
1557 7
542 10
1367 5
229 6
1707 1
639 1
235 7
326 4
1932 5
733 2
812 2
1197 9
1249 7
1549 6
1975 2
986 10
1207 4
635 4
99 10
238 2
276 7
1593 8
1442 7
1136 5
1251 6
1330 9
83 8
1448 9
955 7
186 8
1427 9
1783 4
1834 7
1844 10
1253 5
227 9
1976 3
623 9
831 10
1324 9
1679 1
1310 5
324 6
1425 2
119 7
1555 4
718 7
936 5
1227 2
578 4
1436 7
1914 6
303 2
1111 2
792 1
278 6
1930 1
623 8
1071 5
1433 4
1436 10
256 5
226 1
1707 5
595 3
949 1
2046 3
91 8
670 10
1168 1
1770 1
356 4
1850 3
790 5
1158 3
1432 7
1592 2
1682 2
890 1
424 3
125 6
385 2
584 5
752 4
61 7
1049 3
690 3
1050 7
705 6
499 3
1024 5
1721 2
209 2
847 4
1142 1
227 6
262 3
597 1
796 7
818 8
1251 3
1448 2
1543 3
1667 9
628 1
1032 1
4 2
193 7
825 10
924 2
1868 5
581 3
1655 3
1241 9
47 6
724 5
783 1
1293 9
120 5
49 6
885 1
930 4
1454 7
1124 2
1216 1
1570 2
1528 1
15 6
935 4
61 9
356 7
1399 10
1528 2
1615 10
1070 9
121 2
1735 8
1644 5
333 8
391 6
931 3
1505 8
1769 9
1282 1
1787 1
1 3
171 5
450 10
662 5
955 5
1215 6
1361 6
1674 3
1897 6
726 6
180 1
774 8
933 10
1036 3
1225 3
1514 1
1739 8
1741 4
400 1
560 7
1499 10
514 6
1688 6
1064 10
1622 10
1633 3
1403 2
1003 3
0 4
825 7
188 8
593 6
1333 9
872 3
1323 5
1590 1
293 2
1254 8
1551 4
1980 3
497 7
935 6
910 4
1335 8
669 5
496 10
995 2
1691 3
1739 4
696 7
1284 6
888 4
1301 3
1229 7
1329 1
206 5
1129 5
1067 9
1382 1
1975 4
1182 2
1093 5
852 2
6 2
856 1
1148 3
1223 9
1435 8
939 2
92 5
98 6
340 8
434 5
1406 3
1056 7
1131 10
776 9
1031 6
1344 8
1553 2
1111 9
1047 6
1303 7
516 5
1239 2
69 8
721 8
154 7
628 3
1719 7
1625 6
1753 4
462 4
847 6
1113 6
1591 4
1898 1
385 1
40 7
1278 9
636 10
2030 8
223 6
1212 1
1515 10
356 10
1890 5
1237 3
115 1
420 4
433 4
693 8
1191 3
1393 4
1846 5
1542 7
2018 7
649 4
270 4
296 10
1392 3
1464 7
1862 6
836 9
1372 5
1399 6
75 10
479 7
1701 10
1550 10
190 7
151 7
1425 8
1600 5
1290 5
1815 4
143 8
353 6
1660 3
1717 8
1823 5
579 8
784 9
1022 1
747 4
1202 5
33 10
602 3
1048 9
858 4
111 8
50 7
419 8
975 2
1328 1
1566 1
1639 3
365 3
2036 8
535 7
1511 10
404 1
624 7
1273 9
1309 9
1620 5
1042 5
1336 10
1568 4
1458 1
52 10
1703 2
1946 7
381 8
488 8
961 9
992 6
274 9
64 6
1236 2
351 1
747 9
1709 4
1711 3
17 6
1676 7
499 4
963 9
1143 10
1534 8
1772 4
1795 8
1943 7
381 2
187 6
103 7
37 5
236 6
1459 1
1853 7
328 9
544 4
1197 1
1676 3
77 7
96 2
454 8
559 4
1175 3
1470 6
427 8
1133 8
2021 8
834 4
686 10
1333 2
752 8
241 2
622 5
989 8
1015 10
1096 2
181 8
512 3
826 2
1736 8
1297 2
757 1
1619 9
1194 2
1716 5
1963 6
2012 2
28 8
1043 4
1225 3
118 4
1367 3
1704 1
1243 2
187 10
1805 8
93 8
240 10
2030 8
763 2
808 8
1652 3
197 2
694 8
1314 3
1421 2
1555 9
691 9
43 1
798 9
1006 1
285 2
359 3
1030 7
1110 3
1699 4
1862 10
1989 10
2021 4
1534 3
1247 8
914 5
1619 3
666 5
742 3
1181 7
1178 6
2009 7
2012 6
213 5
341 8
900 1
1613 8
2029 6
1268 9
1368 8
1399 2
763 3
422 1
1416 4
110 3
621 5
646 7
758 8
810 2
1296 9
1854 6
374 7
306 6
909 10
958 3
1952 6
1164 8
508 5
867 6
1597 5
1069 6
1421 7
680 1
201 8
1984 9
541 10
1246 1
1590 3
1594 2
248 10
891 3
1845 1
276 4
491 8
724 2
1608 4
1236 5
1832 9
1227 3
1534 10
809 5
625 2
285 3
82 2
355 5
154 10
1176 5
1852 2
1460 4
159 10
755 10
1472 2
86 6
249 5
1570 3
1779 1
1800 10
1871 6
867 9
444 4
497 3
712 1
906 2
993 4
1117 8
1416 7
1737 5
193 3
1134 4
134 7
337 5
1798 8
1229 9
844 6
941 8
1484 8
368 2
617 2
509 8
1980 1
1568 4
336 7
678 2
1263 8
1139 9
1235 8
921 5
217 2
617 10
1891 2
714 8
108 6
1923 4
1752 10
1713 5
1894 3
35 3
781 6
1257 1
214 10
202 3
81 5
1678 4
122 7
531 10
721 2
1260 4
1140 1
1497 4
1425 3
539 3
714 4
1045 2
1281 5
399 3
386 2
1736 3
209 2
1876 5
1972 1
1046 9
680 3
239 9
1919 3
2013 8
517 9
1147 2
1338 5
1629 7
1666 5
1008 9
1780 10
539 7
769 10
584 4
817 7
1334 2
2041 7
1286 4
1651 4
650 1
702 7
1838 9
1803 2
429 3
1155 1
1964 9
102 8
1199 4
1605 6
926 7
1236 9
635 5
424 5
535 7
1012 7
291 4
849 9
711 3
126 1
401 4
1292 4
1250 8
1657 5
330 10
978 10
1514 5
114 7
2023 6
59 7
497 1
867 8
1657 7
1957 10
1547 3
1224 2
883 10
2018 9
727 8
1606 8
1209 2
493 2
760 5
1309 4
1786 10
264 9
1657 6
1411 10
1446 1
478 9
536 9
392 1
993 8
1844 2
336 5
439 6
1202 3
1825 3
1119 1
656 5
278 2
1236 9
1275 3
1040 3
638 10
1579 6
1393 8
1700 7
531 6
1462 5
130 2
1277 3
1469 4
1728 6
737 1
661 9
2035 5
1036 5
437 9
546 9
1128 10
1351 3
853 4
270 1
129 7
441 1
1485 2
944 8
906 2
449 10
794 6
1010 6
1180 10
1808 2
980 3
1283 10
1339 8
2008 3
940 7
1822 7
576 1
142 9
269 9
534 7
2035 6
302 4
328 5
1453 10
885 4
736 9
1540 7
931 1
29 8
377 8
1386 5
1511 3
398 2
936 6
373 4
1051 4
441 2
780 8
1116 1
1531 6
1659 10
355 4
1493 3
831 5
1025 4
1560 10
1593 3
31 6
363 4
522 7
1042 5
1498 6
1484 5
836 6
249 4
547 9
1035 7
1562 10
1764 7
1657 4
2018 8
981 2
903 4
669 3
1999 3
1351 8
493 7
257 2
881 7
1467 1
1959 7
1039 4
1368 10
1698 7
182 2
805 10
839 4
841 10
1674 8
1530 5
164 10
1370 1
712 6
112 1
1410 10
456 2
1276 6
1382 10
1801 1
1959 6
1135 10
1000 7
1952 2
916 4
1335 9
1549 5
95 3
1830 2
1980 8
858 6
1710 5
1776 6
2031 2
186 3
658 5
1814 5
606 7
1068 9
1605 9
1826 3
1430 1
1069 3
78 1
1219 2
1572 8
381 7
141 6
807 4
406 4
1541 5
1586 5
169 8
1365 6
1789 4
1933 7
2007 8
1464 5
1989 9
1765 6
126 7
1170 7
1195 4
258 1
143 8
713 6
806 3
867 5
1011 1
418 8
412 1
383 2
490 8
1948 8
1957 4
702 10
1619 2
1250 5
1253 4
1655 7
637 10
78 6
342 9
416 10
793 9
912 6
1576 2
1689 9
1988 6
729 10
1636 4
561 1
688 10
1045 7
265 4
1879 10
929 8
1311 1
1797 2
790 5
1404 10
407 6
747 2
43 3
446 3
1751 3
712 10
1068 2
1678 7
1448 9
89 7
140 5
321 10
687 10
1171 7
1674 1
1016 9
929 6
727 1
1218 2
1960 6
2042 7
307 3
407 7
654 9
1104 7
1663 5
1931 8
1954 8
1420 8
1641 1
1819 2
2014 2
1301 9
114 3
1010 7
1082 4
884 10
1074 3
1285 1
1714 2
720 3
1785 4
59 3
492 10
550 3
1362 7
1754 6
437 4
668 7
564 2
1130 8
1419 2
1666 10
299 9
168 7
1571 7
56 4
857 8
862 4
1442 1
1516 10
1601 1
1996 5
795 1
1662 9
2000 6
1420 9
1940 8
988 7
1699 2
457 2
1331 1
1732 3
1733 8
1379 7
702 8
439 6
1134 3
1241 7
1771 10
1828 6
657 3
376 4
1005 8
710 2
386 9
592 9
799 5
1727 7
572 10
228 5
1308 9
1481 6
1610 5
1550 5
1558 4
145 8
1541 2
1587 8
1133 8
745 1
48 3
1982 7
2029 7
1216 1
95 5
449 10
1278 2
680 2
255 8
1618 10
1056 8
236 9
519 2
1087 1
1253 1
1523 7
750 1
815 5
1577 2
327 8
569 4
1023 3
574 6
1447 7
1900 3
1804 8
204 4
26 5
150 10
1076 8
1476 10
1053 5
1814 10
1825 3
1780 8
