WG size of kernel_swap = 16, WG size of kernel_kmeans = 16 

I/O completed

Number of objects: 100
Number of features: 34
iterated 10 times

================= Centroid Coordinates =================
0: 0.00 303.00 150638.00 0.00 0.00 0.00 0.00 0.00 0.00 0.00 0.00 0.00 0.00 0.00 0.00 10.50 28.00 0.00 0.00 0.00 0.00 1.00 0.00 0.15 25.00 255.00 1.00 0.00 0.06 0.10 0.00 0.00 0.00 0.00

1: 1.58 269.78 2128.00 0.00 0.00 0.00 0.00 0.00 0.00 0.00 0.00 0.00 0.00 0.00 0.00 10.55 13.26 0.01 0.01 0.00 0.01 1.00 0.00 0.09 32.54 255.00 1.00 0.00 0.13 0.05 0.00 0.00 0.00 0.00

2: 0.00 273.50 36084.67 0.00 0.00 0.00 0.00 0.00 0.00 0.00 0.00 0.00 0.00 0.00 0.00 11.17 11.50 0.00 0.00 0.00 0.00 1.00 0.00 0.08 22.00 255.00 1.00 0.00 0.09 0.09 0.00 0.00 0.00 0.00

3: 0.00 258.90 5008.00 0.00 0.00 0.00 0.00 0.00 0.00 0.00 0.00 0.00 0.00 0.00 0.00 7.40 9.90 0.00 0.00 0.00 0.00 1.00 0.00 0.10 19.90 255.00 1.00 0.00 0.10 0.08 0.00 0.00 0.02 0.00

4: 0.00 288.00 11486.00 0.00 0.00 0.00 0.00 0.00 0.00 0.00 0.00 0.00 0.00 0.00 0.00 6.33 6.50 0.00 0.00 0.00 0.00 1.00 0.00 0.05 16.67 255.00 1.00 0.00 0.11 0.07 0.00 0.00 0.00 0.00

Number of Iteration: 1
